WP_0832433: 0.0 0.137 0.42019 0.36085 0.37452 0.38229 0.42116 0.41897 0.38725 0.40053 0.40872 0.38002 0.41439 0.39805 0.40567 0.41024 0.41276 0.4166 0.41441 0.40515 0.41236 0.40819 0.3962 0.42132 0.41399 0.42115 0.43617 0.40747 0.41477 0.4113 0.42961 0.42624 0.40582 0.41051 0.40265 0.41185 0.41097 0.40686 0.41029 0.40841 0.41509 0.41447 0.41577 0.39486 0.39699 0.38941 0.40161 0.38343 0.38645 0.39202 0.4433 0.42889 0.4467 0.44034 0.44747 0.41916 0.43141 0.41616 0.42255 0.41869 0.42892 0.4267 0.42044 0.42619 0.42526 0.42329 0.42595 0.42347 0.42852 0.42909 0.45243 0.43166 0.44969 0.44985 0.45416 0.45299 0.43793 0.48099 0.49008 0.47128 0.46178 0.45855 0.41055 0.4108 0.44409 0.41538 0.40812 0.4075 0.4123 0.41237 0.41412 0.41363 0.41432 0.41483 0.41649 0.41453 0.41573 0.41375 0.40985 0.41881 0.42651 0.43365 0.4301 0.429 0.43226 0.42974 0.4333 0.43483 0.4369 0.43216 0.42972 0.4334 0.44519 0.445 0.45509 0.42682 0.43707 0.43658 0.4418 0.43807 0.43698 0.40453 0.40416 0.39972 0.40022 0.39937 0.4001 0.40089 0.40438 0.40978 0.41206 0.41191 0.40732 0.39538 0.40484 0.40763 0.40545 0.40292 0.40418 0.40492 0.39738 0.39428 0.39585 0.39627 0.39893 0.40697 0.41691 0.41002 0.42799 0.40674 0.40518 0.41938 0.42216 0.4186 0.39705 0.4043 0.40083 0.40971 0.4058 0.40305 0.39964 0.40431 0.40745 0.40912 0.41317 0.39898 0.4149 0.42826 0.42461 0.424 0.43025 0.42718 0.42082 0.42937 0.41933 0.43447 0.4031 0.40455 0.40266 0.40355 0.40311 0.4095 0.3984 0.39638 0.39749 0.40175 0.4041 0.39738 0.39876 0.40242 0.40009 0.39811 0.39979 0.40117 0.40483 0.40367 0.39723 0.40252 0.402 0.40317 0.41458 0.39279 0.38565 0.38512 0.44597 0.46057 0.42302 0.42903 0.43623 0.44885 0.45266 0.45495 0.45212 0.44971 0.4409 0.40972 0.43481 0.41112 0.41752 0.41548 0.41241 0.40094 0.42143 0.39913 0.4132 0.40715 0.42193 0.40427 0.40641 0.40605 0.40369 0.40328 0.39534 0.40903 0.39599 0.40262 0.41752 0.43332 0.40643 0.40761 0.40847 0.40643 0.40283 0.40588 0.4097 0.38901 0.38424 0.38424 
ODP29689.1: 0.137 0.0 0.42701 0.36767 0.38134 0.38911 0.42798 0.42579 0.39407 0.40735 0.41554 0.38684 0.42121 0.40487 0.41249 0.41706 0.41958 0.42342 0.42123 0.41197 0.41918 0.41501 0.40302 0.42814 0.42081 0.42797 0.44299 0.41429 0.42159 0.41812 0.43643 0.43306 0.41264 0.41733 0.40947 0.41867 0.41779 0.41368 0.41711 0.41523 0.42191 0.42129 0.42259 0.40168 0.40381 0.39623 0.40843 0.39025 0.39327 0.39884 0.45012 0.43571 0.45352 0.44716 0.45429 0.42598 0.43823 0.42298 0.42937 0.42551 0.43574 0.43352 0.42726 0.43301 0.43208 0.43011 0.43277 0.43029 0.43534 0.43591 0.45925 0.43848 0.45651 0.45667 0.46098 0.45981 0.44475 0.48781 0.4969 0.4781 0.4686 0.46537 0.41737 0.41762 0.45091 0.4222 0.41494 0.41432 0.41912 0.41919 0.42094 0.42045 0.42114 0.42165 0.42331 0.42135 0.42255 0.42057 0.41667 0.42563 0.43333 0.44047 0.43692 0.43582 0.43908 0.43656 0.44012 0.44165 0.44372 0.43898 0.43654 0.44022 0.45201 0.45182 0.46191 0.43364 0.44389 0.4434 0.44862 0.44489 0.4438 0.41135 0.41098 0.40654 0.40704 0.40619 0.40692 0.40771 0.4112 0.4166 0.41888 0.41873 0.41414 0.4022 0.41166 0.41445 0.41227 0.40974 0.411 0.41174 0.4042 0.4011 0.40267 0.40309 0.40575 0.41379 0.42373 0.41684 0.43481 0.41356 0.412 0.4262 0.42898 0.42542 0.40387 0.41112 0.40765 0.41653 0.41262 0.40987 0.40646 0.41113 0.41427 0.41594 0.41999 0.4058 0.42172 0.43508 0.43143 0.43082 0.43707 0.434 0.42764 0.43619 0.42615 0.44129 0.40992 0.41137 0.40948 0.41037 0.40993 0.41632 0.40522 0.4032 0.40431 0.40857 0.41092 0.4042 0.40558 0.40924 0.40691 0.40493 0.40661 0.40799 0.41165 0.41049 0.40405 0.40934 0.40882 0.40999 0.4214 0.39961 0.39247 0.39194 0.45279 0.46739 0.42984 0.43585 0.44305 0.45567 0.45948 0.46177 0.45894 0.45653 0.44772 0.41654 0.44163 0.41794 0.42434 0.4223 0.41923 0.40776 0.42825 0.40595 0.42002 0.41397 0.42875 0.41109 0.41323 0.41287 0.41051 0.4101 0.40216 0.41585 0.40281 0.40944 0.42434 0.44014 0.41325 0.41443 0.41529 0.41325 0.40965 0.4127 0.41652 0.39583 0.39106 0.39106 
WP_0635104: 0.42019 0.42701 0.0 0.30068 0.31435 0.32212 0.36099 0.3588 0.32708 0.34036 0.34855 0.31985 0.35422 0.33788 0.3455 0.35007 0.35259 0.35643 0.35424 0.34498 0.35219 0.34802 0.33603 0.36115 0.35382 0.36098 0.376 0.3473 0.3546 0.35113 0.36944 0.36607 0.34565 0.35034 0.34248 0.35168 0.3508 0.34669 0.35012 0.34824 0.35492 0.3543 0.3556 0.33469 0.33682 0.32924 0.34144 0.32326 0.32628 0.33185 0.38313 0.36872 0.38653 0.38017 0.3873 0.35899 0.37124 0.35599 0.36238 0.35852 0.36875 0.36653 0.36027 0.36602 0.36509 0.36312 0.36578 0.3633 0.36835 0.36892 0.39226 0.37149 0.38952 0.38968 0.39399 0.39282 0.37776 0.42082 0.42991 0.41111 0.40161 0.39838 0.35038 0.35063 0.38392 0.35521 0.34795 0.34733 0.35213 0.3522 0.35395 0.35346 0.35415 0.35466 0.35632 0.35436 0.35556 0.35358 0.34968 0.35864 0.36634 0.37348 0.36993 0.36883 0.37209 0.36957 0.37313 0.37466 0.37673 0.37199 0.36955 0.37323 0.38502 0.38483 0.39492 0.36665 0.3769 0.37641 0.38163 0.3779 0.37681 0.34436 0.34399 0.33955 0.34005 0.3392 0.33993 0.34072 0.34421 0.34961 0.35189 0.35174 0.34715 0.33521 0.34467 0.34746 0.34528 0.34275 0.34401 0.34475 0.33721 0.33411 0.33568 0.3361 0.33876 0.3468 0.35674 0.34985 0.36782 0.34657 0.34501 0.35921 0.36199 0.35843 0.33688 0.34413 0.34066 0.34954 0.34563 0.34288 0.33947 0.34414 0.34728 0.34895 0.353 0.33881 0.35473 0.36809 0.36444 0.36383 0.37008 0.36701 0.36065 0.3692 0.35916 0.3743 0.34293 0.34438 0.34249 0.34338 0.34294 0.34933 0.33823 0.33621 0.33732 0.34158 0.34393 0.33721 0.33859 0.34225 0.33992 0.33794 0.33962 0.341 0.34466 0.3435 0.33706 0.34235 0.34183 0.343 0.35441 0.33262 0.32548 0.32495 0.3858 0.4004 0.36285 0.36886 0.37606 0.38868 0.39249 0.39478 0.39195 0.38954 0.38073 0.34955 0.37464 0.35095 0.35735 0.35531 0.35224 0.34077 0.36126 0.33896 0.35303 0.34698 0.36176 0.3441 0.34624 0.34588 0.34352 0.34311 0.33517 0.34886 0.33582 0.34245 0.35735 0.37315 0.34626 0.34744 0.3483 0.34626 0.34266 0.34571 0.34953 0.32884 0.32407 0.32407 
WP_0820968: 0.36085 0.36767 0.30068 0.0 0.19831 0.20608 0.29029 0.2881 0.25638 0.26966 0.27785 0.24915 0.28352 0.26718 0.2748 0.27937 0.28189 0.28573 0.28354 0.27428 0.28149 0.27732 0.26533 0.29045 0.28312 0.29028 0.3053 0.2766 0.2839 0.28043 0.29874 0.29537 0.27495 0.27964 0.27178 0.28098 0.2801 0.27599 0.27942 0.27754 0.28422 0.2836 0.2849 0.26399 0.26612 0.25854 0.27074 0.25256 0.25558 0.26115 0.31243 0.29802 0.31583 0.30947 0.3166 0.28829 0.30054 0.28529 0.29168 0.28782 0.29805 0.29583 0.28957 0.29532 0.29439 0.29242 0.29508 0.2926 0.29765 0.29822 0.32156 0.30079 0.31882 0.31898 0.32329 0.32212 0.30706 0.35012 0.35921 0.34041 0.33091 0.32768 0.27968 0.27993 0.31322 0.28451 0.27725 0.27663 0.28143 0.2815 0.28325 0.28276 0.28345 0.28396 0.28562 0.28366 0.28486 0.28288 0.27898 0.28794 0.29564 0.30278 0.29923 0.29813 0.30139 0.29887 0.30243 0.30396 0.30603 0.30129 0.29885 0.30253 0.31432 0.31413 0.32422 0.29595 0.3062 0.30571 0.31093 0.3072 0.30611 0.27366 0.27329 0.26885 0.26935 0.2685 0.26923 0.27002 0.27351 0.27891 0.28119 0.28104 0.27645 0.26451 0.27397 0.27676 0.27458 0.27205 0.27331 0.27405 0.26651 0.26341 0.26498 0.2654 0.26806 0.2761 0.28604 0.27915 0.29712 0.27587 0.27431 0.28851 0.29129 0.28773 0.26618 0.27343 0.26996 0.27884 0.27493 0.27218 0.26877 0.27344 0.27658 0.27825 0.2823 0.26811 0.28403 0.29739 0.29374 0.29313 0.29938 0.29631 0.28995 0.2985 0.28846 0.3036 0.27223 0.27368 0.27179 0.27268 0.27224 0.27863 0.26753 0.26551 0.26662 0.27088 0.27323 0.26651 0.26789 0.27155 0.26922 0.26724 0.26892 0.2703 0.27396 0.2728 0.26636 0.27165 0.27113 0.2723 0.28371 0.26192 0.25478 0.25425 0.3151 0.3297 0.29215 0.29816 0.30536 0.31798 0.32179 0.32408 0.32125 0.31884 0.31003 0.27885 0.30394 0.28025 0.28665 0.28461 0.28154 0.27007 0.29056 0.26826 0.28233 0.27628 0.29106 0.2734 0.27554 0.27518 0.27282 0.27241 0.26447 0.27816 0.26512 0.27175 0.28665 0.30245 0.27556 0.27674 0.2776 0.27556 0.27196 0.27501 0.27883 0.25814 0.25337 0.25337 
WP_0824723: 0.37452 0.38134 0.31435 0.19831 0.0 0.19701 0.30396 0.30177 0.27005 0.28333 0.29152 0.26282 0.29719 0.28085 0.28847 0.29304 0.29556 0.2994 0.29721 0.28795 0.29516 0.29099 0.279 0.30412 0.29679 0.30395 0.31897 0.29027 0.29757 0.2941 0.31241 0.30904 0.28862 0.29331 0.28545 0.29465 0.29377 0.28966 0.29309 0.29121 0.29789 0.29727 0.29857 0.27766 0.27979 0.27221 0.28441 0.26623 0.26925 0.27482 0.3261 0.31169 0.3295 0.32314 0.33027 0.30196 0.31421 0.29896 0.30535 0.30149 0.31172 0.3095 0.30324 0.30899 0.30806 0.30609 0.30875 0.30627 0.31132 0.31189 0.33523 0.31446 0.33249 0.33265 0.33696 0.33579 0.32073 0.36379 0.37288 0.35408 0.34458 0.34135 0.29335 0.2936 0.32689 0.29818 0.29092 0.2903 0.2951 0.29517 0.29692 0.29643 0.29712 0.29763 0.29929 0.29733 0.29853 0.29655 0.29265 0.30161 0.30931 0.31645 0.3129 0.3118 0.31506 0.31254 0.3161 0.31763 0.3197 0.31496 0.31252 0.3162 0.32799 0.3278 0.33789 0.30962 0.31987 0.31938 0.3246 0.32087 0.31978 0.28733 0.28696 0.28252 0.28302 0.28217 0.2829 0.28369 0.28718 0.29258 0.29486 0.29471 0.29012 0.27818 0.28764 0.29043 0.28825 0.28572 0.28698 0.28772 0.28018 0.27708 0.27865 0.27907 0.28173 0.28977 0.29971 0.29282 0.31079 0.28954 0.28798 0.30218 0.30496 0.3014 0.27985 0.2871 0.28363 0.29251 0.2886 0.28585 0.28244 0.28711 0.29025 0.29192 0.29597 0.28178 0.2977 0.31106 0.30741 0.3068 0.31305 0.30998 0.30362 0.31217 0.30213 0.31727 0.2859 0.28735 0.28546 0.28635 0.28591 0.2923 0.2812 0.27918 0.28029 0.28455 0.2869 0.28018 0.28156 0.28522 0.28289 0.28091 0.28259 0.28397 0.28763 0.28647 0.28003 0.28532 0.2848 0.28597 0.29738 0.27559 0.26845 0.26792 0.32877 0.34337 0.30582 0.31183 0.31903 0.33165 0.33546 0.33775 0.33492 0.33251 0.3237 0.29252 0.31761 0.29392 0.30032 0.29828 0.29521 0.28374 0.30423 0.28193 0.296 0.28995 0.30473 0.28707 0.28921 0.28885 0.28649 0.28608 0.27814 0.29183 0.27879 0.28542 0.30032 0.31612 0.28923 0.29041 0.29127 0.28923 0.28563 0.28868 0.2925 0.27181 0.26704 0.26704 
ANF96414.1: 0.38229 0.38911 0.32212 0.20608 0.19701 0.0 0.31173 0.30954 0.27782 0.2911 0.29929 0.27059 0.30496 0.28862 0.29624 0.30081 0.30333 0.30717 0.30498 0.29572 0.30293 0.29876 0.28677 0.31189 0.30456 0.31172 0.32674 0.29804 0.30534 0.30187 0.32018 0.31681 0.29639 0.30108 0.29322 0.30242 0.30154 0.29743 0.30086 0.29898 0.30566 0.30504 0.30634 0.28543 0.28756 0.27998 0.29218 0.274 0.27702 0.28259 0.33387 0.31946 0.33727 0.33091 0.33804 0.30973 0.32198 0.30673 0.31312 0.30926 0.31949 0.31727 0.31101 0.31676 0.31583 0.31386 0.31652 0.31404 0.31909 0.31966 0.343 0.32223 0.34026 0.34042 0.34473 0.34356 0.3285 0.37156 0.38065 0.36185 0.35235 0.34912 0.30112 0.30137 0.33466 0.30595 0.29869 0.29807 0.30287 0.30294 0.30469 0.3042 0.30489 0.3054 0.30706 0.3051 0.3063 0.30432 0.30042 0.30938 0.31708 0.32422 0.32067 0.31957 0.32283 0.32031 0.32387 0.3254 0.32747 0.32273 0.32029 0.32397 0.33576 0.33557 0.34566 0.31739 0.32764 0.32715 0.33237 0.32864 0.32755 0.2951 0.29473 0.29029 0.29079 0.28994 0.29067 0.29146 0.29495 0.30035 0.30263 0.30248 0.29789 0.28595 0.29541 0.2982 0.29602 0.29349 0.29475 0.29549 0.28795 0.28485 0.28642 0.28684 0.2895 0.29754 0.30748 0.30059 0.31856 0.29731 0.29575 0.30995 0.31273 0.30917 0.28762 0.29487 0.2914 0.30028 0.29637 0.29362 0.29021 0.29488 0.29802 0.29969 0.30374 0.28955 0.30547 0.31883 0.31518 0.31457 0.32082 0.31775 0.31139 0.31994 0.3099 0.32504 0.29367 0.29512 0.29323 0.29412 0.29368 0.30007 0.28897 0.28695 0.28806 0.29232 0.29467 0.28795 0.28933 0.29299 0.29066 0.28868 0.29036 0.29174 0.2954 0.29424 0.2878 0.29309 0.29257 0.29374 0.30515 0.28336 0.27622 0.27569 0.33654 0.35114 0.31359 0.3196 0.3268 0.33942 0.34323 0.34552 0.34269 0.34028 0.33147 0.30029 0.32538 0.30169 0.30809 0.30605 0.30298 0.29151 0.312 0.2897 0.30377 0.29772 0.3125 0.29484 0.29698 0.29662 0.29426 0.29385 0.28591 0.2996 0.28656 0.29319 0.30809 0.32389 0.297 0.29818 0.29904 0.297 0.2934 0.29645 0.30027 0.27958 0.27481 0.27481 
WP_0462253: 0.42116 0.42798 0.36099 0.29029 0.30396 0.31173 0.0 0.06985 0.28975 0.30303 0.31122 0.28252 0.31689 0.30055 0.30817 0.31274 0.31526 0.3191 0.31691 0.30765 0.31486 0.31069 0.2987 0.32382 0.31649 0.32365 0.33867 0.30997 0.31727 0.3138 0.33211 0.32874 0.30832 0.31301 0.30515 0.31435 0.31347 0.30936 0.31279 0.31091 0.31759 0.31697 0.31827 0.29102 0.29315 0.28557 0.28063 0.27959 0.28261 0.28818 0.33946 0.32505 0.34286 0.3365 0.34363 0.31532 0.32757 0.31232 0.31871 0.31485 0.31422 0.312 0.30574 0.31149 0.31056 0.30859 0.31125 0.30877 0.31382 0.31439 0.33773 0.31696 0.33499 0.33515 0.33946 0.33829 0.32323 0.36629 0.37538 0.35658 0.34708 0.34385 0.29585 0.2961 0.32939 0.11952 0.08196 0.1395 0.19684 0.19691 0.19866 0.19817 0.19886 0.19937 0.20103 0.19907 0.20027 0.19829 0.19439 0.20335 0.21105 0.21819 0.21464 0.21354 0.2168 0.21428 0.21784 0.21937 0.22144 0.2167 0.21426 0.21794 0.22973 0.22954 0.23963 0.21136 0.29575 0.29526 0.30048 0.29675 0.29566 0.28355 0.28318 0.27874 0.27924 0.27839 0.27912 0.27991 0.2834 0.2888 0.29108 0.29093 0.28634 0.2744 0.28386 0.28665 0.28447 0.28194 0.2832 0.28394 0.2764 0.2733 0.27487 0.27529 0.27795 0.28599 0.29593 0.28904 0.30701 0.28576 0.2842 0.2984 0.30118 0.29762 0.27607 0.28332 0.27985 0.28873 0.28482 0.28207 0.27866 0.28333 0.28647 0.28814 0.29219 0.278 0.29392 0.30728 0.30363 0.30302 0.30927 0.3062 0.29984 0.30839 0.29835 0.31349 0.28212 0.28357 0.28168 0.28257 0.28213 0.28852 0.27742 0.2754 0.27651 0.28077 0.28312 0.2764 0.27778 0.28144 0.27911 0.27713 0.27881 0.28019 0.28385 0.28269 0.27625 0.28154 0.28102 0.28219 0.2936 0.27181 0.26467 0.26414 0.32499 0.33959 0.30204 0.30805 0.31525 0.32787 0.33168 0.33397 0.33114 0.32873 0.31992 0.28874 0.31383 0.29014 0.29654 0.2945 0.29143 0.27996 0.30045 0.27815 0.29222 0.28617 0.30095 0.28329 0.28543 0.28507 0.28271 0.2823 0.27436 0.28805 0.27501 0.28164 0.29654 0.31234 0.28545 0.28663 0.28749 0.28545 0.28185 0.2849 0.28872 0.26803 0.26326 0.26326 
WP_0178138: 0.41897 0.42579 0.3588 0.2881 0.30177 0.30954 0.06985 0.0 0.28756 0.30084 0.30903 0.28033 0.3147 0.29836 0.30598 0.31055 0.31307 0.31691 0.31472 0.30546 0.31267 0.3085 0.29651 0.32163 0.3143 0.32146 0.33648 0.30778 0.31508 0.31161 0.32992 0.32655 0.30613 0.31082 0.30296 0.31216 0.31128 0.30717 0.3106 0.30872 0.3154 0.31478 0.31608 0.28883 0.29096 0.28338 0.27844 0.2774 0.28042 0.28599 0.33727 0.32286 0.34067 0.33431 0.34144 0.31313 0.32538 0.31013 0.31652 0.31266 0.31203 0.30981 0.30355 0.3093 0.30837 0.3064 0.30906 0.30658 0.31163 0.3122 0.33554 0.31477 0.3328 0.33296 0.33727 0.3361 0.32104 0.3641 0.37319 0.35439 0.34489 0.34166 0.29366 0.29391 0.3272 0.11733 0.07977 0.13731 0.19465 0.19472 0.19647 0.19598 0.19667 0.19718 0.19884 0.19688 0.19808 0.1961 0.1922 0.20116 0.20886 0.216 0.21245 0.21135 0.21461 0.21209 0.21565 0.21718 0.21925 0.21451 0.21207 0.21575 0.22754 0.22735 0.23744 0.20917 0.29356 0.29307 0.29829 0.29456 0.29347 0.28136 0.28099 0.27655 0.27705 0.2762 0.27693 0.27772 0.28121 0.28661 0.28889 0.28874 0.28415 0.27221 0.28167 0.28446 0.28228 0.27975 0.28101 0.28175 0.27421 0.27111 0.27268 0.2731 0.27576 0.2838 0.29374 0.28685 0.30482 0.28357 0.28201 0.29621 0.29899 0.29543 0.27388 0.28113 0.27766 0.28654 0.28263 0.27988 0.27647 0.28114 0.28428 0.28595 0.29 0.27581 0.29173 0.30509 0.30144 0.30083 0.30708 0.30401 0.29765 0.3062 0.29616 0.3113 0.27993 0.28138 0.27949 0.28038 0.27994 0.28633 0.27523 0.27321 0.27432 0.27858 0.28093 0.27421 0.27559 0.27925 0.27692 0.27494 0.27662 0.278 0.28166 0.2805 0.27406 0.27935 0.27883 0.28 0.29141 0.26962 0.26248 0.26195 0.3228 0.3374 0.29985 0.30586 0.31306 0.32568 0.32949 0.33178 0.32895 0.32654 0.31773 0.28655 0.31164 0.28795 0.29435 0.29231 0.28924 0.27777 0.29826 0.27596 0.29003 0.28398 0.29876 0.2811 0.28324 0.28288 0.28052 0.28011 0.27217 0.28586 0.27282 0.27945 0.29435 0.31015 0.28326 0.28444 0.2853 0.28326 0.27966 0.28271 0.28653 0.26584 0.26107 0.26107 
WP_1108226: 0.38725 0.39407 0.32708 0.25638 0.27005 0.27782 0.28975 0.28756 0.0 0.12236 0.13055 0.13139 0.25988 0.24354 0.25116 0.25573 0.25825 0.26209 0.2599 0.25064 0.25785 0.25368 0.24169 0.26681 0.25948 0.26664 0.28166 0.25296 0.26026 0.25679 0.2751 0.27173 0.26633 0.27102 0.26316 0.27236 0.27148 0.26737 0.2708 0.26892 0.2756 0.27498 0.27628 0.26345 0.26558 0.258 0.2702 0.25202 0.25504 0.26061 0.31189 0.29748 0.31529 0.30893 0.31606 0.28775 0.3 0.28475 0.29114 0.28728 0.29751 0.29529 0.28903 0.29478 0.29385 0.29188 0.29454 0.29206 0.29711 0.29768 0.32102 0.30025 0.31828 0.31844 0.32275 0.32158 0.30652 0.34958 0.35867 0.33987 0.33037 0.32714 0.27914 0.27939 0.31268 0.28397 0.27671 0.27609 0.28089 0.28096 0.28271 0.28222 0.28291 0.28342 0.28508 0.28312 0.28432 0.28234 0.27844 0.2874 0.2951 0.30224 0.29869 0.29759 0.30085 0.29833 0.30189 0.30342 0.30549 0.30075 0.29831 0.30199 0.31378 0.31359 0.32368 0.29541 0.30566 0.30517 0.31039 0.30666 0.30557 0.27312 0.27275 0.26831 0.26881 0.26796 0.26869 0.26948 0.27297 0.27837 0.28065 0.2805 0.27591 0.26397 0.27343 0.27622 0.27404 0.27151 0.27277 0.27351 0.26597 0.26287 0.26444 0.26486 0.26752 0.27556 0.2855 0.27861 0.29658 0.27533 0.27377 0.28797 0.29075 0.28719 0.26564 0.27289 0.26942 0.2783 0.27439 0.27164 0.26823 0.2729 0.27604 0.27771 0.28176 0.26757 0.28349 0.29685 0.2932 0.29259 0.29884 0.29577 0.28941 0.29796 0.28792 0.30306 0.27169 0.27314 0.27125 0.27214 0.2717 0.27809 0.26699 0.26497 0.26608 0.27034 0.27269 0.26597 0.26735 0.27101 0.26868 0.2667 0.26838 0.26976 0.27342 0.27226 0.26582 0.27111 0.27059 0.27176 0.28317 0.26138 0.25424 0.25371 0.31456 0.32916 0.29161 0.29762 0.30482 0.31744 0.32125 0.32354 0.32071 0.3183 0.30949 0.27831 0.3034 0.27971 0.28611 0.28407 0.281 0.26953 0.29002 0.26772 0.28179 0.27574 0.29052 0.27286 0.275 0.27464 0.27228 0.27187 0.26393 0.27762 0.26458 0.27121 0.28611 0.30191 0.27502 0.2762 0.27706 0.27502 0.27142 0.27447 0.27829 0.2576 0.25283 0.25283 
WP_0953586: 0.40053 0.40735 0.34036 0.26966 0.28333 0.2911 0.30303 0.30084 0.12236 0.0 0.08733 0.14467 0.27316 0.25682 0.26444 0.26901 0.27153 0.27537 0.27318 0.26392 0.27113 0.26696 0.25497 0.28009 0.27276 0.27992 0.29494 0.26624 0.27354 0.27007 0.28838 0.28501 0.27961 0.2843 0.27644 0.28564 0.28476 0.28065 0.28408 0.2822 0.28888 0.28826 0.28956 0.27673 0.27886 0.27128 0.28348 0.2653 0.26832 0.27389 0.32517 0.31076 0.32857 0.32221 0.32934 0.30103 0.31328 0.29803 0.30442 0.30056 0.31079 0.30857 0.30231 0.30806 0.30713 0.30516 0.30782 0.30534 0.31039 0.31096 0.3343 0.31353 0.33156 0.33172 0.33603 0.33486 0.3198 0.36286 0.37195 0.35315 0.34365 0.34042 0.29242 0.29267 0.32596 0.29725 0.28999 0.28937 0.29417 0.29424 0.29599 0.2955 0.29619 0.2967 0.29836 0.2964 0.2976 0.29562 0.29172 0.30068 0.30838 0.31552 0.31197 0.31087 0.31413 0.31161 0.31517 0.3167 0.31877 0.31403 0.31159 0.31527 0.32706 0.32687 0.33696 0.30869 0.31894 0.31845 0.32367 0.31994 0.31885 0.2864 0.28603 0.28159 0.28209 0.28124 0.28197 0.28276 0.28625 0.29165 0.29393 0.29378 0.28919 0.27725 0.28671 0.2895 0.28732 0.28479 0.28605 0.28679 0.27925 0.27615 0.27772 0.27814 0.2808 0.28884 0.29878 0.29189 0.30986 0.28861 0.28705 0.30125 0.30403 0.30047 0.27892 0.28617 0.2827 0.29158 0.28767 0.28492 0.28151 0.28618 0.28932 0.29099 0.29504 0.28085 0.29677 0.31013 0.30648 0.30587 0.31212 0.30905 0.30269 0.31124 0.3012 0.31634 0.28497 0.28642 0.28453 0.28542 0.28498 0.29137 0.28027 0.27825 0.27936 0.28362 0.28597 0.27925 0.28063 0.28429 0.28196 0.27998 0.28166 0.28304 0.2867 0.28554 0.2791 0.28439 0.28387 0.28504 0.29645 0.27466 0.26752 0.26699 0.32784 0.34244 0.30489 0.3109 0.3181 0.33072 0.33453 0.33682 0.33399 0.33158 0.32277 0.29159 0.31668 0.29299 0.29939 0.29735 0.29428 0.28281 0.3033 0.281 0.29507 0.28902 0.3038 0.28614 0.28828 0.28792 0.28556 0.28515 0.27721 0.2909 0.27786 0.28449 0.29939 0.31519 0.2883 0.28948 0.29034 0.2883 0.2847 0.28775 0.29157 0.27088 0.26611 0.26611 
WP_0952877: 0.40872 0.41554 0.34855 0.27785 0.29152 0.29929 0.31122 0.30903 0.13055 0.08733 0.0 0.15286 0.28135 0.26501 0.27263 0.2772 0.27972 0.28356 0.28137 0.27211 0.27932 0.27515 0.26316 0.28828 0.28095 0.28811 0.30313 0.27443 0.28173 0.27826 0.29657 0.2932 0.2878 0.29249 0.28463 0.29383 0.29295 0.28884 0.29227 0.29039 0.29707 0.29645 0.29775 0.28492 0.28705 0.27947 0.29167 0.27349 0.27651 0.28208 0.33336 0.31895 0.33676 0.3304 0.33753 0.30922 0.32147 0.30622 0.31261 0.30875 0.31898 0.31676 0.3105 0.31625 0.31532 0.31335 0.31601 0.31353 0.31858 0.31915 0.34249 0.32172 0.33975 0.33991 0.34422 0.34305 0.32799 0.37105 0.38014 0.36134 0.35184 0.34861 0.30061 0.30086 0.33415 0.30544 0.29818 0.29756 0.30236 0.30243 0.30418 0.30369 0.30438 0.30489 0.30655 0.30459 0.30579 0.30381 0.29991 0.30887 0.31657 0.32371 0.32016 0.31906 0.32232 0.3198 0.32336 0.32489 0.32696 0.32222 0.31978 0.32346 0.33525 0.33506 0.34515 0.31688 0.32713 0.32664 0.33186 0.32813 0.32704 0.29459 0.29422 0.28978 0.29028 0.28943 0.29016 0.29095 0.29444 0.29984 0.30212 0.30197 0.29738 0.28544 0.2949 0.29769 0.29551 0.29298 0.29424 0.29498 0.28744 0.28434 0.28591 0.28633 0.28899 0.29703 0.30697 0.30008 0.31805 0.2968 0.29524 0.30944 0.31222 0.30866 0.28711 0.29436 0.29089 0.29977 0.29586 0.29311 0.2897 0.29437 0.29751 0.29918 0.30323 0.28904 0.30496 0.31832 0.31467 0.31406 0.32031 0.31724 0.31088 0.31943 0.30939 0.32453 0.29316 0.29461 0.29272 0.29361 0.29317 0.29956 0.28846 0.28644 0.28755 0.29181 0.29416 0.28744 0.28882 0.29248 0.29015 0.28817 0.28985 0.29123 0.29489 0.29373 0.28729 0.29258 0.29206 0.29323 0.30464 0.28285 0.27571 0.27518 0.33603 0.35063 0.31308 0.31909 0.32629 0.33891 0.34272 0.34501 0.34218 0.33977 0.33096 0.29978 0.32487 0.30118 0.30758 0.30554 0.30247 0.291 0.31149 0.28919 0.30326 0.29721 0.31199 0.29433 0.29647 0.29611 0.29375 0.29334 0.2854 0.29909 0.28605 0.29268 0.30758 0.32338 0.29649 0.29767 0.29853 0.29649 0.29289 0.29594 0.29976 0.27907 0.2743 0.2743 
PYY26170.1: 0.38002 0.38684 0.31985 0.24915 0.26282 0.27059 0.28252 0.28033 0.13139 0.14467 0.15286 0.0 0.25265 0.23631 0.24393 0.2485 0.25102 0.25486 0.25267 0.24341 0.25062 0.24645 0.23446 0.25958 0.25225 0.25941 0.27443 0.24573 0.25303 0.24956 0.26787 0.2645 0.2591 0.26379 0.25593 0.26513 0.26425 0.26014 0.26357 0.26169 0.26837 0.26775 0.26905 0.25622 0.25835 0.25077 0.26297 0.24479 0.24781 0.25338 0.30466 0.29025 0.30806 0.3017 0.30883 0.28052 0.29277 0.27752 0.28391 0.28005 0.29028 0.28806 0.2818 0.28755 0.28662 0.28465 0.28731 0.28483 0.28988 0.29045 0.31379 0.29302 0.31105 0.31121 0.31552 0.31435 0.29929 0.34235 0.35144 0.33264 0.32314 0.31991 0.27191 0.27216 0.30545 0.27674 0.26948 0.26886 0.27366 0.27373 0.27548 0.27499 0.27568 0.27619 0.27785 0.27589 0.27709 0.27511 0.27121 0.28017 0.28787 0.29501 0.29146 0.29036 0.29362 0.2911 0.29466 0.29619 0.29826 0.29352 0.29108 0.29476 0.30655 0.30636 0.31645 0.28818 0.29843 0.29794 0.30316 0.29943 0.29834 0.26589 0.26552 0.26108 0.26158 0.26073 0.26146 0.26225 0.26574 0.27114 0.27342 0.27327 0.26868 0.25674 0.2662 0.26899 0.26681 0.26428 0.26554 0.26628 0.25874 0.25564 0.25721 0.25763 0.26029 0.26833 0.27827 0.27138 0.28935 0.2681 0.26654 0.28074 0.28352 0.27996 0.25841 0.26566 0.26219 0.27107 0.26716 0.26441 0.261 0.26567 0.26881 0.27048 0.27453 0.26034 0.27626 0.28962 0.28597 0.28536 0.29161 0.28854 0.28218 0.29073 0.28069 0.29583 0.26446 0.26591 0.26402 0.26491 0.26447 0.27086 0.25976 0.25774 0.25885 0.26311 0.26546 0.25874 0.26012 0.26378 0.26145 0.25947 0.26115 0.26253 0.26619 0.26503 0.25859 0.26388 0.26336 0.26453 0.27594 0.25415 0.24701 0.24648 0.30733 0.32193 0.28438 0.29039 0.29759 0.31021 0.31402 0.31631 0.31348 0.31107 0.30226 0.27108 0.29617 0.27248 0.27888 0.27684 0.27377 0.2623 0.28279 0.26049 0.27456 0.26851 0.28329 0.26563 0.26777 0.26741 0.26505 0.26464 0.2567 0.27039 0.25735 0.26398 0.27888 0.29468 0.26779 0.26897 0.26983 0.26779 0.26419 0.26724 0.27106 0.25037 0.2456 0.2456 
WP_0623252: 0.41439 0.42121 0.35422 0.28352 0.29719 0.30496 0.31689 0.3147 0.25988 0.27316 0.28135 0.25265 0.0 0.18206 0.18968 0.19425 0.19677 0.20061 0.19842 0.18916 0.19637 0.1922 0.18021 0.22707 0.21974 0.23272 0.26172 0.23302 0.24032 0.24571 0.26402 0.26065 0.29347 0.29816 0.2903 0.2995 0.29862 0.29451 0.29794 0.29606 0.30274 0.30212 0.30342 0.29059 0.29272 0.28514 0.29734 0.27916 0.28218 0.28775 0.33903 0.32462 0.34243 0.33607 0.3432 0.31489 0.32714 0.31189 0.31828 0.31442 0.32465 0.32243 0.31617 0.32192 0.32099 0.31902 0.32168 0.3192 0.32425 0.32482 0.34816 0.32739 0.34542 0.34558 0.34989 0.34872 0.33366 0.37672 0.38581 0.36701 0.35751 0.35428 0.30628 0.30653 0.33982 0.31111 0.30385 0.30323 0.30803 0.3081 0.30985 0.30936 0.31005 0.31056 0.31222 0.31026 0.31146 0.30948 0.30558 0.31454 0.32224 0.32938 0.32583 0.32473 0.32799 0.32547 0.32903 0.33056 0.33263 0.32789 0.32545 0.32913 0.34092 0.34073 0.35082 0.32255 0.3328 0.33231 0.33753 0.3338 0.33271 0.30026 0.29989 0.29545 0.29595 0.2951 0.29583 0.29662 0.30011 0.30551 0.30779 0.30764 0.30305 0.29111 0.30057 0.30336 0.30118 0.29865 0.29991 0.30065 0.29311 0.29001 0.29158 0.292 0.29466 0.3027 0.31264 0.30575 0.32372 0.30247 0.30091 0.31511 0.31789 0.31433 0.29278 0.30003 0.29656 0.30544 0.30153 0.29878 0.29537 0.30004 0.30318 0.30485 0.3089 0.29471 0.31063 0.32399 0.32034 0.31973 0.32598 0.32291 0.31655 0.3251 0.31506 0.3302 0.29883 0.30028 0.29839 0.29928 0.29884 0.30523 0.29413 0.29211 0.29322 0.29748 0.29983 0.29311 0.29449 0.29815 0.29582 0.29384 0.29552 0.2969 0.30056 0.2994 0.29296 0.29825 0.29773 0.2989 0.31031 0.28852 0.28138 0.28085 0.3417 0.3563 0.31875 0.32476 0.33196 0.34458 0.34839 0.35068 0.34785 0.34544 0.33663 0.30545 0.33054 0.30685 0.31325 0.31121 0.30814 0.29667 0.31716 0.29486 0.30893 0.30288 0.31766 0.3 0.30214 0.30178 0.29942 0.29901 0.29107 0.30476 0.29172 0.29835 0.31325 0.32905 0.30216 0.30334 0.3042 0.30216 0.29856 0.30161 0.30543 0.28474 0.27997 0.27997 
RAW13433.1: 0.39805 0.40487 0.33788 0.26718 0.28085 0.28862 0.30055 0.29836 0.24354 0.25682 0.26501 0.23631 0.18206 0.0 0.12414 0.12871 0.13123 0.13507 0.13288 0.12362 0.13083 0.12666 0.11467 0.21073 0.2034 0.21638 0.24538 0.21668 0.22398 0.22937 0.24768 0.24431 0.27713 0.28182 0.27396 0.28316 0.28228 0.27817 0.2816 0.27972 0.2864 0.28578 0.28708 0.27425 0.27638 0.2688 0.281 0.26282 0.26584 0.27141 0.32269 0.30828 0.32609 0.31973 0.32686 0.29855 0.3108 0.29555 0.30194 0.29808 0.30831 0.30609 0.29983 0.30558 0.30465 0.30268 0.30534 0.30286 0.30791 0.30848 0.33182 0.31105 0.32908 0.32924 0.33355 0.33238 0.31732 0.36038 0.36947 0.35067 0.34117 0.33794 0.28994 0.29019 0.32348 0.29477 0.28751 0.28689 0.29169 0.29176 0.29351 0.29302 0.29371 0.29422 0.29588 0.29392 0.29512 0.29314 0.28924 0.2982 0.3059 0.31304 0.30949 0.30839 0.31165 0.30913 0.31269 0.31422 0.31629 0.31155 0.30911 0.31279 0.32458 0.32439 0.33448 0.30621 0.31646 0.31597 0.32119 0.31746 0.31637 0.28392 0.28355 0.27911 0.27961 0.27876 0.27949 0.28028 0.28377 0.28917 0.29145 0.2913 0.28671 0.27477 0.28423 0.28702 0.28484 0.28231 0.28357 0.28431 0.27677 0.27367 0.27524 0.27566 0.27832 0.28636 0.2963 0.28941 0.30738 0.28613 0.28457 0.29877 0.30155 0.29799 0.27644 0.28369 0.28022 0.2891 0.28519 0.28244 0.27903 0.2837 0.28684 0.28851 0.29256 0.27837 0.29429 0.30765 0.304 0.30339 0.30964 0.30657 0.30021 0.30876 0.29872 0.31386 0.28249 0.28394 0.28205 0.28294 0.2825 0.28889 0.27779 0.27577 0.27688 0.28114 0.28349 0.27677 0.27815 0.28181 0.27948 0.2775 0.27918 0.28056 0.28422 0.28306 0.27662 0.28191 0.28139 0.28256 0.29397 0.27218 0.26504 0.26451 0.32536 0.33996 0.30241 0.30842 0.31562 0.32824 0.33205 0.33434 0.33151 0.3291 0.32029 0.28911 0.3142 0.29051 0.29691 0.29487 0.2918 0.28033 0.30082 0.27852 0.29259 0.28654 0.30132 0.28366 0.2858 0.28544 0.28308 0.28267 0.27473 0.28842 0.27538 0.28201 0.29691 0.31271 0.28582 0.287 0.28786 0.28582 0.28222 0.28527 0.28909 0.2684 0.26363 0.26363 
WP_0998561: 0.40567 0.41249 0.3455 0.2748 0.28847 0.29624 0.30817 0.30598 0.25116 0.26444 0.27263 0.24393 0.18968 0.12414 0.0 0.05019 0.09779 0.10163 0.09944 0.09018 0.09739 0.12578 0.11379 0.21835 0.21102 0.224 0.253 0.2243 0.2316 0.23699 0.2553 0.25193 0.28475 0.28944 0.28158 0.29078 0.2899 0.28579 0.28922 0.28734 0.29402 0.2934 0.2947 0.28187 0.284 0.27642 0.28862 0.27044 0.27346 0.27903 0.33031 0.3159 0.33371 0.32735 0.33448 0.30617 0.31842 0.30317 0.30956 0.3057 0.31593 0.31371 0.30745 0.3132 0.31227 0.3103 0.31296 0.31048 0.31553 0.3161 0.33944 0.31867 0.3367 0.33686 0.34117 0.34 0.32494 0.368 0.37709 0.35829 0.34879 0.34556 0.29756 0.29781 0.3311 0.30239 0.29513 0.29451 0.29931 0.29938 0.30113 0.30064 0.30133 0.30184 0.3035 0.30154 0.30274 0.30076 0.29686 0.30582 0.31352 0.32066 0.31711 0.31601 0.31927 0.31675 0.32031 0.32184 0.32391 0.31917 0.31673 0.32041 0.3322 0.33201 0.3421 0.31383 0.32408 0.32359 0.32881 0.32508 0.32399 0.29154 0.29117 0.28673 0.28723 0.28638 0.28711 0.2879 0.29139 0.29679 0.29907 0.29892 0.29433 0.28239 0.29185 0.29464 0.29246 0.28993 0.29119 0.29193 0.28439 0.28129 0.28286 0.28328 0.28594 0.29398 0.30392 0.29703 0.315 0.29375 0.29219 0.30639 0.30917 0.30561 0.28406 0.29131 0.28784 0.29672 0.29281 0.29006 0.28665 0.29132 0.29446 0.29613 0.30018 0.28599 0.30191 0.31527 0.31162 0.31101 0.31726 0.31419 0.30783 0.31638 0.30634 0.32148 0.29011 0.29156 0.28967 0.29056 0.29012 0.29651 0.28541 0.28339 0.2845 0.28876 0.29111 0.28439 0.28577 0.28943 0.2871 0.28512 0.2868 0.28818 0.29184 0.29068 0.28424 0.28953 0.28901 0.29018 0.30159 0.2798 0.27266 0.27213 0.33298 0.34758 0.31003 0.31604 0.32324 0.33586 0.33967 0.34196 0.33913 0.33672 0.32791 0.29673 0.32182 0.29813 0.30453 0.30249 0.29942 0.28795 0.30844 0.28614 0.30021 0.29416 0.30894 0.29128 0.29342 0.29306 0.2907 0.29029 0.28235 0.29604 0.283 0.28963 0.30453 0.32033 0.29344 0.29462 0.29548 0.29344 0.28984 0.29289 0.29671 0.27602 0.27125 0.27125 
WP_0762892: 0.41024 0.41706 0.35007 0.27937 0.29304 0.30081 0.31274 0.31055 0.25573 0.26901 0.2772 0.2485 0.19425 0.12871 0.05019 0.0 0.10236 0.1062 0.10401 0.09475 0.10196 0.13035 0.11836 0.22292 0.21559 0.22857 0.25757 0.22887 0.23617 0.24156 0.25987 0.2565 0.28932 0.29401 0.28615 0.29535 0.29447 0.29036 0.29379 0.29191 0.29859 0.29797 0.29927 0.28644 0.28857 0.28099 0.29319 0.27501 0.27803 0.2836 0.33488 0.32047 0.33828 0.33192 0.33905 0.31074 0.32299 0.30774 0.31413 0.31027 0.3205 0.31828 0.31202 0.31777 0.31684 0.31487 0.31753 0.31505 0.3201 0.32067 0.34401 0.32324 0.34127 0.34143 0.34574 0.34457 0.32951 0.37257 0.38166 0.36286 0.35336 0.35013 0.30213 0.30238 0.33567 0.30696 0.2997 0.29908 0.30388 0.30395 0.3057 0.30521 0.3059 0.30641 0.30807 0.30611 0.30731 0.30533 0.30143 0.31039 0.31809 0.32523 0.32168 0.32058 0.32384 0.32132 0.32488 0.32641 0.32848 0.32374 0.3213 0.32498 0.33677 0.33658 0.34667 0.3184 0.32865 0.32816 0.33338 0.32965 0.32856 0.29611 0.29574 0.2913 0.2918 0.29095 0.29168 0.29247 0.29596 0.30136 0.30364 0.30349 0.2989 0.28696 0.29642 0.29921 0.29703 0.2945 0.29576 0.2965 0.28896 0.28586 0.28743 0.28785 0.29051 0.29855 0.30849 0.3016 0.31957 0.29832 0.29676 0.31096 0.31374 0.31018 0.28863 0.29588 0.29241 0.30129 0.29738 0.29463 0.29122 0.29589 0.29903 0.3007 0.30475 0.29056 0.30648 0.31984 0.31619 0.31558 0.32183 0.31876 0.3124 0.32095 0.31091 0.32605 0.29468 0.29613 0.29424 0.29513 0.29469 0.30108 0.28998 0.28796 0.28907 0.29333 0.29568 0.28896 0.29034 0.294 0.29167 0.28969 0.29137 0.29275 0.29641 0.29525 0.28881 0.2941 0.29358 0.29475 0.30616 0.28437 0.27723 0.2767 0.33755 0.35215 0.3146 0.32061 0.32781 0.34043 0.34424 0.34653 0.3437 0.34129 0.33248 0.3013 0.32639 0.3027 0.3091 0.30706 0.30399 0.29252 0.31301 0.29071 0.30478 0.29873 0.31351 0.29585 0.29799 0.29763 0.29527 0.29486 0.28692 0.30061 0.28757 0.2942 0.3091 0.3249 0.29801 0.29919 0.30005 0.29801 0.29441 0.29746 0.30128 0.28059 0.27582 0.27582 
WP_1100012: 0.41276 0.41958 0.35259 0.28189 0.29556 0.30333 0.31526 0.31307 0.25825 0.27153 0.27972 0.25102 0.19677 0.13123 0.09779 0.10236 0.0 0.06472 0.07523 0.07901 0.08622 0.13287 0.12088 0.22544 0.21811 0.23109 0.26009 0.23139 0.23869 0.24408 0.26239 0.25902 0.29184 0.29653 0.28867 0.29787 0.29699 0.29288 0.29631 0.29443 0.30111 0.30049 0.30179 0.28896 0.29109 0.28351 0.29571 0.27753 0.28055 0.28612 0.3374 0.32299 0.3408 0.33444 0.34157 0.31326 0.32551 0.31026 0.31665 0.31279 0.32302 0.3208 0.31454 0.32029 0.31936 0.31739 0.32005 0.31757 0.32262 0.32319 0.34653 0.32576 0.34379 0.34395 0.34826 0.34709 0.33203 0.37509 0.38418 0.36538 0.35588 0.35265 0.30465 0.3049 0.33819 0.30948 0.30222 0.3016 0.3064 0.30647 0.30822 0.30773 0.30842 0.30893 0.31059 0.30863 0.30983 0.30785 0.30395 0.31291 0.32061 0.32775 0.3242 0.3231 0.32636 0.32384 0.3274 0.32893 0.331 0.32626 0.32382 0.3275 0.33929 0.3391 0.34919 0.32092 0.33117 0.33068 0.3359 0.33217 0.33108 0.29863 0.29826 0.29382 0.29432 0.29347 0.2942 0.29499 0.29848 0.30388 0.30616 0.30601 0.30142 0.28948 0.29894 0.30173 0.29955 0.29702 0.29828 0.29902 0.29148 0.28838 0.28995 0.29037 0.29303 0.30107 0.31101 0.30412 0.32209 0.30084 0.29928 0.31348 0.31626 0.3127 0.29115 0.2984 0.29493 0.30381 0.2999 0.29715 0.29374 0.29841 0.30155 0.30322 0.30727 0.29308 0.309 0.32236 0.31871 0.3181 0.32435 0.32128 0.31492 0.32347 0.31343 0.32857 0.2972 0.29865 0.29676 0.29765 0.29721 0.3036 0.2925 0.29048 0.29159 0.29585 0.2982 0.29148 0.29286 0.29652 0.29419 0.29221 0.29389 0.29527 0.29893 0.29777 0.29133 0.29662 0.2961 0.29727 0.30868 0.28689 0.27975 0.27922 0.34007 0.35467 0.31712 0.32313 0.33033 0.34295 0.34676 0.34905 0.34622 0.34381 0.335 0.30382 0.32891 0.30522 0.31162 0.30958 0.30651 0.29504 0.31553 0.29323 0.3073 0.30125 0.31603 0.29837 0.30051 0.30015 0.29779 0.29738 0.28944 0.30313 0.29009 0.29672 0.31162 0.32742 0.30053 0.30171 0.30257 0.30053 0.29693 0.29998 0.3038 0.28311 0.27834 0.27834 
WP_0908995: 0.4166 0.42342 0.35643 0.28573 0.2994 0.30717 0.3191 0.31691 0.26209 0.27537 0.28356 0.25486 0.20061 0.13507 0.10163 0.1062 0.06472 0.0 0.07907 0.08285 0.09006 0.13671 0.12472 0.22928 0.22195 0.23493 0.26393 0.23523 0.24253 0.24792 0.26623 0.26286 0.29568 0.30037 0.29251 0.30171 0.30083 0.29672 0.30015 0.29827 0.30495 0.30433 0.30563 0.2928 0.29493 0.28735 0.29955 0.28137 0.28439 0.28996 0.34124 0.32683 0.34464 0.33828 0.34541 0.3171 0.32935 0.3141 0.32049 0.31663 0.32686 0.32464 0.31838 0.32413 0.3232 0.32123 0.32389 0.32141 0.32646 0.32703 0.35037 0.3296 0.34763 0.34779 0.3521 0.35093 0.33587 0.37893 0.38802 0.36922 0.35972 0.35649 0.30849 0.30874 0.34203 0.31332 0.30606 0.30544 0.31024 0.31031 0.31206 0.31157 0.31226 0.31277 0.31443 0.31247 0.31367 0.31169 0.30779 0.31675 0.32445 0.33159 0.32804 0.32694 0.3302 0.32768 0.33124 0.33277 0.33484 0.3301 0.32766 0.33134 0.34313 0.34294 0.35303 0.32476 0.33501 0.33452 0.33974 0.33601 0.33492 0.30247 0.3021 0.29766 0.29816 0.29731 0.29804 0.29883 0.30232 0.30772 0.31 0.30985 0.30526 0.29332 0.30278 0.30557 0.30339 0.30086 0.30212 0.30286 0.29532 0.29222 0.29379 0.29421 0.29687 0.30491 0.31485 0.30796 0.32593 0.30468 0.30312 0.31732 0.3201 0.31654 0.29499 0.30224 0.29877 0.30765 0.30374 0.30099 0.29758 0.30225 0.30539 0.30706 0.31111 0.29692 0.31284 0.3262 0.32255 0.32194 0.32819 0.32512 0.31876 0.32731 0.31727 0.33241 0.30104 0.30249 0.3006 0.30149 0.30105 0.30744 0.29634 0.29432 0.29543 0.29969 0.30204 0.29532 0.2967 0.30036 0.29803 0.29605 0.29773 0.29911 0.30277 0.30161 0.29517 0.30046 0.29994 0.30111 0.31252 0.29073 0.28359 0.28306 0.34391 0.35851 0.32096 0.32697 0.33417 0.34679 0.3506 0.35289 0.35006 0.34765 0.33884 0.30766 0.33275 0.30906 0.31546 0.31342 0.31035 0.29888 0.31937 0.29707 0.31114 0.30509 0.31987 0.30221 0.30435 0.30399 0.30163 0.30122 0.29328 0.30697 0.29393 0.30056 0.31546 0.33126 0.30437 0.30555 0.30641 0.30437 0.30077 0.30382 0.30764 0.28695 0.28218 0.28218 
WP_0910022: 0.41441 0.42123 0.35424 0.28354 0.29721 0.30498 0.31691 0.31472 0.2599 0.27318 0.28137 0.25267 0.19842 0.13288 0.09944 0.10401 0.07523 0.07907 0.0 0.08066 0.08787 0.13452 0.12253 0.22709 0.21976 0.23274 0.26174 0.23304 0.24034 0.24573 0.26404 0.26067 0.29349 0.29818 0.29032 0.29952 0.29864 0.29453 0.29796 0.29608 0.30276 0.30214 0.30344 0.29061 0.29274 0.28516 0.29736 0.27918 0.2822 0.28777 0.33905 0.32464 0.34245 0.33609 0.34322 0.31491 0.32716 0.31191 0.3183 0.31444 0.32467 0.32245 0.31619 0.32194 0.32101 0.31904 0.3217 0.31922 0.32427 0.32484 0.34818 0.32741 0.34544 0.3456 0.34991 0.34874 0.33368 0.37674 0.38583 0.36703 0.35753 0.3543 0.3063 0.30655 0.33984 0.31113 0.30387 0.30325 0.30805 0.30812 0.30987 0.30938 0.31007 0.31058 0.31224 0.31028 0.31148 0.3095 0.3056 0.31456 0.32226 0.3294 0.32585 0.32475 0.32801 0.32549 0.32905 0.33058 0.33265 0.32791 0.32547 0.32915 0.34094 0.34075 0.35084 0.32257 0.33282 0.33233 0.33755 0.33382 0.33273 0.30028 0.29991 0.29547 0.29597 0.29512 0.29585 0.29664 0.30013 0.30553 0.30781 0.30766 0.30307 0.29113 0.30059 0.30338 0.3012 0.29867 0.29993 0.30067 0.29313 0.29003 0.2916 0.29202 0.29468 0.30272 0.31266 0.30577 0.32374 0.30249 0.30093 0.31513 0.31791 0.31435 0.2928 0.30005 0.29658 0.30546 0.30155 0.2988 0.29539 0.30006 0.3032 0.30487 0.30892 0.29473 0.31065 0.32401 0.32036 0.31975 0.326 0.32293 0.31657 0.32512 0.31508 0.33022 0.29885 0.3003 0.29841 0.2993 0.29886 0.30525 0.29415 0.29213 0.29324 0.2975 0.29985 0.29313 0.29451 0.29817 0.29584 0.29386 0.29554 0.29692 0.30058 0.29942 0.29298 0.29827 0.29775 0.29892 0.31033 0.28854 0.2814 0.28087 0.34172 0.35632 0.31877 0.32478 0.33198 0.3446 0.34841 0.3507 0.34787 0.34546 0.33665 0.30547 0.33056 0.30687 0.31327 0.31123 0.30816 0.29669 0.31718 0.29488 0.30895 0.3029 0.31768 0.30002 0.30216 0.3018 0.29944 0.29903 0.29109 0.30478 0.29174 0.29837 0.31327 0.32907 0.30218 0.30336 0.30422 0.30218 0.29858 0.30163 0.30545 0.28476 0.27999 0.27999 
WP_0635627: 0.40515 0.41197 0.34498 0.27428 0.28795 0.29572 0.30765 0.30546 0.25064 0.26392 0.27211 0.24341 0.18916 0.12362 0.09018 0.09475 0.07901 0.08285 0.08066 0.0 0.04817 0.12526 0.11327 0.21783 0.2105 0.22348 0.25248 0.22378 0.23108 0.23647 0.25478 0.25141 0.28423 0.28892 0.28106 0.29026 0.28938 0.28527 0.2887 0.28682 0.2935 0.29288 0.29418 0.28135 0.28348 0.2759 0.2881 0.26992 0.27294 0.27851 0.32979 0.31538 0.33319 0.32683 0.33396 0.30565 0.3179 0.30265 0.30904 0.30518 0.31541 0.31319 0.30693 0.31268 0.31175 0.30978 0.31244 0.30996 0.31501 0.31558 0.33892 0.31815 0.33618 0.33634 0.34065 0.33948 0.32442 0.36748 0.37657 0.35777 0.34827 0.34504 0.29704 0.29729 0.33058 0.30187 0.29461 0.29399 0.29879 0.29886 0.30061 0.30012 0.30081 0.30132 0.30298 0.30102 0.30222 0.30024 0.29634 0.3053 0.313 0.32014 0.31659 0.31549 0.31875 0.31623 0.31979 0.32132 0.32339 0.31865 0.31621 0.31989 0.33168 0.33149 0.34158 0.31331 0.32356 0.32307 0.32829 0.32456 0.32347 0.29102 0.29065 0.28621 0.28671 0.28586 0.28659 0.28738 0.29087 0.29627 0.29855 0.2984 0.29381 0.28187 0.29133 0.29412 0.29194 0.28941 0.29067 0.29141 0.28387 0.28077 0.28234 0.28276 0.28542 0.29346 0.3034 0.29651 0.31448 0.29323 0.29167 0.30587 0.30865 0.30509 0.28354 0.29079 0.28732 0.2962 0.29229 0.28954 0.28613 0.2908 0.29394 0.29561 0.29966 0.28547 0.30139 0.31475 0.3111 0.31049 0.31674 0.31367 0.30731 0.31586 0.30582 0.32096 0.28959 0.29104 0.28915 0.29004 0.2896 0.29599 0.28489 0.28287 0.28398 0.28824 0.29059 0.28387 0.28525 0.28891 0.28658 0.2846 0.28628 0.28766 0.29132 0.29016 0.28372 0.28901 0.28849 0.28966 0.30107 0.27928 0.27214 0.27161 0.33246 0.34706 0.30951 0.31552 0.32272 0.33534 0.33915 0.34144 0.33861 0.3362 0.32739 0.29621 0.3213 0.29761 0.30401 0.30197 0.2989 0.28743 0.30792 0.28562 0.29969 0.29364 0.30842 0.29076 0.2929 0.29254 0.29018 0.28977 0.28183 0.29552 0.28248 0.28911 0.30401 0.31981 0.29292 0.2941 0.29496 0.29292 0.28932 0.29237 0.29619 0.2755 0.27073 0.27073 
