gi|1222872: 0.0 0.29293 0.28924 0.28417 0.28803 0.30765 0.29757 0.2836 0.33961 0.28924 0.30387 0.29084 0.30654 0.29293 0.2172 0.31957 0.30142 0.29643 0.30142 0.30896 0.19573 0.28315 0.28476 0.30194 0.29293 0.2828 0.28924 0.33572 0.30142 0.3562 0.27788 0.30654 0.29346 0.31437 0.34742 0.29855 0.3168 0.33151 0.3221 0.29293 0.30429 0.20838 0.2836 0.2004 0.2925 0.22588 0.29293 0.31041 0.31375 0.29258 0.31572 0.30717 0.29293 0.3168 0.23599 0.29293 0.21451 0.3168 0.32479 0.3207 0.31571 0.3018 0.30803 0.29708 0.28417 0.30448 0.27831 0.30803 0.30682 0.29293 0.2996 0.32922 0.29463 0.21451 0.30872 0.31122 0.30194 0.2983 0.20445 0.34032 0.2002 0.30836 0.30465 0.32685 0.29173 0.28924 0.3255 0.29293 0.29463 0.28122 0.31682 0.34032 0.30803 0.29293 0.30754 0.29825 0.30142 0.3016 0.28476 0.29293 0.27788 0.29817 0.30142 0.30142 0.314 0.29673 0.32663 0.30962 0.30654 0.22227 0.30142 0.29762 0.30858 0.2926 0.28891 0.30583 0.30378 0.33572 0.21451 0.30592 0.30015 0.30654 0.30142 0.29293 0.28315 0.29498 0.3168 0.30743 0.32685 0.30654 0.30563 0.31588 0.30921 0.31175 0.29559 0.32825 0.30583 0.28924 0.29436 0.31213 0.30637 0.28851 0.35162 0.31829 0.29463 0.2828 0.30142 0.30923 0.28924 0.30714 0.30583 0.3168 0.33338 0.30015 0.29293 0.28122 0.3141 0.33151 0.21451 0.30519 0.3022 0.30654 0.30758 0.32295 0.29293 0.27295 0.30715 0.28879 0.28879 0.32061 0.31957 0.21389 0.3168 0.30714 0.29293 0.30583 0.31601 0.30654 0.2836 0.30711 0.3168 0.30803 0.29596 0.30872 0.31979 0.29293 0.3255 0.29293 0.30142 0.29221 0.28809 0.28924 0.30994 0.29414 0.31263 0.21451 0.30858 0.21163 0.29977 0.22667 0.34877 0.30023 0.28851 0.32016 0.33067 0.32016 0.31245 0.28246 0.31122 0.29943 0.32087 0.29817 0.29879 0.29293 0.30654 0.30858 0.2925 0.3207 0.31381 0.29857 0.28328 0.29293 0.31916 0.33195 0.31957 0.30142 0.30583 0.29106 0.28622 0.30194 0.30142 0.30896 0.34327 0.27295 0.2836 0.22574 0.22084 0.29293 0.29817 0.28924 0.31045 0.27677 0.3168 0.33367 
gi|9602934: 0.29293 0.0 0.17175 0.29322 0.17054 0.19016 0.18008 0.29265 0.26902 0.17175 0.22584 0.17335 0.18905 0.0 0.29281 0.20208 0.05629 0.17894 0.05629 0.23093 0.29318 0.2922 0.29381 0.27627 0.0 0.29185 0.17175 0.31005 0.05629 0.23871 0.28693 0.18905 0.17597 0.23634 0.27683 0.27288 0.15839 0.30584 0.29643 0.0 0.22626 0.30583 0.29265 0.29785 0.21447 0.27645 0.0 0.23238 0.23572 0.17509 0.23769 0.25458 0.0 0.15839 0.28656 0.0 0.29012 0.15839 0.2542 0.20321 0.19822 0.18431 0.23 0.21905 0.29322 0.05259 0.28736 0.23 0.22879 0.0 0.18211 0.30355 0.17714 0.29012 0.23069 0.23319 0.27627 0.18081 0.3019 0.26973 0.27581 0.19087 0.18716 0.27426 0.17424 0.17175 0.25491 0.0 0.17714 0.29027 0.07169 0.26973 0.23 0.0 0.19005 0.18076 0.05629 0.18411 0.29381 0.0 0.28693 0.18068 0.05629 0.05629 0.05519 0.17924 0.20914 0.23159 0.18905 0.29788 0.05629 0.18013 0.23055 0.17511 0.17142 0.23524 0.09987 0.31005 0.29012 0.22789 0.3092 0.18905 0.05629 0.0 0.2922 0.17749 0.15839 0.18994 0.27426 0.18905 0.0704 0.05463 0.19172 0.23372 0.1781 0.30258 0.23524 0.17175 0.17687 0.2341 0.18888 0.17102 0.32595 0.0664 0.17714 0.29185 0.05629 0.05238 0.17175 0.28147 0.23524 0.15839 0.26279 0.3092 0.0 0.29027 0.23607 0.30584 0.29012 0.27952 0.27653 0.18905 0.19009 0.25236 0.0 0.2624 0.22912 0.29784 0.29784 0.29494 0.20208 0.2895 0.15839 0.28147 0.0 0.23524 0.09432 0.18905 0.29265 0.18962 0.15839 0.23 0.21793 0.23069 0.07466 0.0 0.25491 0.0 0.05629 0.17472 0.29714 0.17175 0.23191 0.17665 0.26004 0.29012 0.23055 0.28724 0.18228 0.30228 0.27818 0.18274 0.17102 0.06331 0.31408 0.06331 0.04918 0.27929 0.23319 0.18194 0.16246 0.18068 0.1813 0.0 0.18905 0.23055 0.21447 0.29503 0.05696 0.22054 0.29233 0.0 0.07403 0.30628 0.20208 0.05629 0.23524 0.17357 0.16873 0.27627 0.05629 0.23093 0.27268 0.2624 0.29265 0.30135 0.29645 0.0 0.18068 0.17175 0.0536 0.28582 0.15839 0.26308 
gi|1121468: 0.28924 0.17175 0.0 0.28953 0.07391 0.08353 0.06151 0.28896 0.26533 0.0 0.22215 0.07924 0.11556 0.17175 0.28912 0.12859 0.18024 0.06761 0.18024 0.22724 0.28949 0.28851 0.29012 0.27258 0.17175 0.28816 0.0 0.30636 0.18024 0.2014 0.28324 0.11556 0.06464 0.23265 0.27314 0.26919 0.19562 0.30215 0.29274 0.17175 0.22257 0.30214 0.28896 0.29416 0.21078 0.27276 0.17175 0.22869 0.23203 0.02406 0.234 0.25089 0.17175 0.19562 0.28287 0.17175 0.28643 0.19562 0.25051 0.12972 0.12473 0.06236 0.22631 0.21536 0.28953 0.1833 0.28367 0.22631 0.2251 0.17175 0.10862 0.29986 0.10365 0.28643 0.227 0.2295 0.27258 0.06444 0.29821 0.26604 0.27212 0.11738 0.09053 0.27057 0.06761 0.0 0.25122 0.17175 0.10365 0.28658 0.19564 0.26604 0.22631 0.17175 0.12398 0.08413 0.18024 0.11062 0.29012 0.17175 0.28324 0.10719 0.18024 0.18024 0.19282 0.07777 0.13565 0.2279 0.11556 0.29419 0.18024 0.08602 0.22686 0.06714 0.03703 0.23155 0.1826 0.30636 0.28643 0.2242 0.30551 0.11556 0.18024 0.17175 0.28851 0.08086 0.19562 0.11645 0.27057 0.11556 0.18445 0.1947 0.08509 0.23003 0.05953 0.29889 0.23155 0.0 0.08902 0.23041 0.08225 0.07439 0.32226 0.19711 0.10365 0.28816 0.18024 0.18805 0.0 0.27778 0.23155 0.19562 0.2591 0.30551 0.17175 0.28658 0.23238 0.30215 0.28643 0.27583 0.27284 0.11556 0.0872 0.24867 0.17175 0.25871 0.22543 0.29415 0.29415 0.29125 0.12859 0.28581 0.19562 0.27778 0.17175 0.23155 0.19483 0.11556 0.28896 0.11613 0.19562 0.22631 0.21424 0.227 0.19861 0.17175 0.25122 0.17175 0.18024 0.06809 0.29345 0.0 0.22822 0.0547 0.25635 0.28643 0.22686 0.28355 0.06371 0.29859 0.27449 0.05785 0.07439 0.19898 0.31039 0.19898 0.19127 0.2756 0.2295 0.05381 0.19969 0.10719 0.06493 0.17175 0.11556 0.22686 0.21078 0.29134 0.19263 0.21685 0.28864 0.17175 0.19798 0.30259 0.12859 0.18024 0.23155 0.0656 0.07462 0.27258 0.18024 0.22724 0.26899 0.25871 0.28896 0.29766 0.29276 0.17175 0.10719 0.0 0.18927 0.28213 0.19562 0.25939 
gi|1165776: 0.28417 0.29322 0.28953 0.0 0.28832 0.30794 0.29786 0.24969 0.3399 0.28953 0.30416 0.29113 0.30683 0.29322 0.28405 0.31986 0.30171 0.29672 0.30171 0.30925 0.28442 0.24924 0.04867 0.30223 0.29322 0.24889 0.28953 0.33601 0.30171 0.35649 0.24397 0.30683 0.29375 0.31466 0.34771 0.29884 0.31709 0.3318 0.32239 0.29322 0.30458 0.29707 0.24969 0.28909 0.29279 0.26769 0.29322 0.3107 0.31404 0.29287 0.31601 0.30746 0.29322 0.31709 0.2778 0.29322 0.28136 0.31709 0.32508 0.32099 0.316 0.30209 0.30832 0.29737 0.0 0.30477 0.25626 0.30832 0.30711 0.29322 0.29989 0.32951 0.29492 0.28136 0.30901 0.31151 0.30223 0.29859 0.29314 0.34061 0.26705 0.30865 0.30494 0.32714 0.29202 0.28953 0.32579 0.29322 0.29492 0.19303 0.31711 0.34061 0.30832 0.29322 0.30783 0.29854 0.30171 0.30189 0.04867 0.29322 0.24397 0.29846 0.30171 0.30171 0.31429 0.29702 0.32692 0.30991 0.30683 0.28912 0.30171 0.29791 0.30887 0.29289 0.2892 0.30612 0.30407 0.33601 0.28136 0.30621 0.24652 0.30683 0.30171 0.29322 0.24924 0.29527 0.31709 0.30772 0.32714 0.30683 0.30592 0.31617 0.3095 0.31204 0.29588 0.32854 0.30612 0.28953 0.29465 0.31242 0.30666 0.2888 0.35191 0.31858 0.29492 0.24889 0.30171 0.30952 0.28953 0.30743 0.30612 0.31709 0.33367 0.24652 0.29322 0.19303 0.31439 0.3318 0.28136 0.30548 0.30249 0.30683 0.30787 0.32324 0.29322 0.27324 0.30744 0.25488 0.25488 0.3209 0.31986 0.28074 0.31709 0.30743 0.29322 0.30612 0.3163 0.30683 0.24969 0.3074 0.31709 0.30832 0.29625 0.30901 0.32008 0.29322 0.32579 0.29322 0.30171 0.2925 0.23446 0.28953 0.31023 0.29443 0.31292 0.28136 0.30887 0.27848 0.30006 0.29352 0.34906 0.30052 0.2888 0.32045 0.33096 0.32045 0.31274 0.28275 0.31151 0.29972 0.32116 0.29846 0.29908 0.29322 0.30683 0.30887 0.29279 0.32099 0.3141 0.29886 0.22965 0.29322 0.31945 0.33224 0.31986 0.30171 0.30612 0.29135 0.28651 0.30223 0.30171 0.30925 0.34356 0.27324 0.24969 0.29259 0.28769 0.29322 0.29846 0.28953 0.31074 0.18858 0.31709 0.33396 
gi|1212738: 0.28803 0.17054 0.07391 0.28832 0.0 0.09232 0.08224 0.28775 0.26412 0.07391 0.22094 0.07803 0.11435 0.17054 0.28791 0.12738 0.17903 0.0811 0.17903 0.22603 0.28828 0.2873 0.28891 0.27137 0.17054 0.28695 0.07391 0.30515 0.17903 0.20019 0.28203 0.11435 0.07813 0.23144 0.27193 0.26798 0.19441 0.30094 0.29153 0.17054 0.22136 0.30093 0.28775 0.29295 0.20957 0.27155 0.17054 0.22748 0.23082 0.07725 0.23279 0.24968 0.17054 0.19441 0.28166 0.17054 0.28522 0.19441 0.2493 0.12851 0.12352 0.08647 0.2251 0.21415 0.28832 0.18209 0.28246 0.2251 0.22389 0.17054 0.10741 0.29865 0.10244 0.28522 0.22579 0.22829 0.27137 0.08297 0.297 0.26483 0.27091 0.11617 0.08372 0.26936 0.0764 0.07391 0.25001 0.17054 0.10244 0.28537 0.19443 0.26483 0.2251 0.17054 0.12277 0.07732 0.17903 0.10941 0.28891 0.17054 0.28203 0.10598 0.17903 0.17903 0.19161 0.0814 0.13444 0.22669 0.11435 0.29298 0.17903 0.08481 0.22565 0.07727 0.07358 0.23034 0.18139 0.30515 0.28522 0.22299 0.3043 0.11435 0.17903 0.17054 0.2873 0.07405 0.19441 0.11524 0.26936 0.11435 0.18324 0.19349 0.09388 0.22882 0.08026 0.29768 0.23034 0.07391 0.08781 0.2292 0.09104 0.05024 0.32105 0.1959 0.10244 0.28695 0.17903 0.18684 0.07391 0.27657 0.23034 0.19441 0.25789 0.3043 0.17054 0.28537 0.23117 0.30094 0.28522 0.27462 0.27163 0.11435 0.09225 0.24746 0.17054 0.2575 0.22422 0.29294 0.29294 0.29004 0.12738 0.2846 0.19441 0.27657 0.17054 0.23034 0.19362 0.11435 0.28775 0.11492 0.19441 0.2251 0.21303 0.22579 0.1974 0.17054 0.25001 0.17054 0.17903 0.07688 0.29224 0.07391 0.22701 0.07881 0.25514 0.28522 0.22565 0.28234 0.08444 0.29738 0.27328 0.0849 0.05024 0.19777 0.30918 0.19777 0.19006 0.27439 0.22829 0.0841 0.19848 0.10598 0.08346 0.17054 0.11435 0.22565 0.20957 0.29013 0.19142 0.21564 0.28743 0.17054 0.19677 0.30138 0.12738 0.17903 0.23034 0.07573 0.07341 0.27137 0.17903 0.22603 0.26778 0.2575 0.28775 0.29645 0.29155 0.17054 0.10598 0.07391 0.18806 0.28092 0.19441 0.25818 
gi|1885959: 0.30765 0.19016 0.08353 0.30794 0.09232 0.0 0.09186 0.30737 0.28374 0.08353 0.24056 0.09765 0.13397 0.19016 0.30753 0.147 0.19865 0.09072 0.19865 0.24565 0.3079 0.30692 0.30853 0.29099 0.19016 0.30657 0.08353 0.32477 0.19865 0.21981 0.30165 0.13397 0.08775 0.25106 0.29155 0.2876 0.21403 0.32056 0.31115 0.19016 0.24098 0.32055 0.30737 0.31257 0.22919 0.29117 0.19016 0.2471 0.25044 0.08687 0.25241 0.2693 0.19016 0.21403 0.30128 0.19016 0.30484 0.21403 0.26892 0.14813 0.14314 0.09609 0.24472 0.23377 0.30794 0.20171 0.30208 0.24472 0.24351 0.19016 0.12703 0.31827 0.12206 0.30484 0.24541 0.24791 0.29099 0.09259 0.31662 0.28445 0.29053 0.13579 0.10894 0.28898 0.08004 0.08353 0.26963 0.19016 0.12206 0.30499 0.21405 0.28445 0.24472 0.19016 0.14239 0.10254 0.19865 0.12903 0.30853 0.19016 0.30165 0.1256 0.19865 0.19865 0.21123 0.09618 0.15406 0.24631 0.13397 0.3126 0.19865 0.10443 0.24527 0.08689 0.0832 0.24996 0.20101 0.32477 0.30484 0.24261 0.32392 0.13397 0.19865 0.19016 0.30692 0.09927 0.21403 0.13486 0.28898 0.13397 0.20286 0.21311 0.08818 0.24844 0.08988 0.3173 0.24996 0.08353 0.10743 0.24882 0.08534 0.0928 0.34067 0.21552 0.12206 0.30657 0.19865 0.20646 0.08353 0.29619 0.24996 0.21403 0.27751 0.32392 0.19016 0.30499 0.25079 0.32056 0.30484 0.29424 0.29125 0.13397 0.10561 0.26708 0.19016 0.27712 0.24384 0.31256 0.31256 0.30966 0.147 0.30422 0.21403 0.29619 0.19016 0.24996 0.21324 0.13397 0.30737 0.13454 0.21403 0.24472 0.23265 0.24541 0.21702 0.19016 0.26963 0.19016 0.19865 0.08052 0.31186 0.08353 0.24663 0.08843 0.27476 0.30484 0.24527 0.30196 0.09406 0.317 0.2929 0.09452 0.0928 0.21739 0.3288 0.21739 0.20968 0.29401 0.24791 0.09372 0.2181 0.1256 0.09308 0.19016 0.13397 0.24527 0.22919 0.30975 0.21104 0.23526 0.30705 0.19016 0.21639 0.321 0.147 0.19865 0.24996 0.08535 0.09303 0.29099 0.19865 0.24565 0.2874 0.27712 0.30737 0.31607 0.31117 0.19016 0.1256 0.08353 0.20768 0.30054 0.21403 0.2778 
gi|493899|: 0.29757 0.18008 0.06151 0.29786 0.08224 0.09186 0.0 0.29729 0.27366 0.06151 0.23048 0.08757 0.12389 0.18008 0.29745 0.13692 0.18857 0.07594 0.18857 0.23557 0.29782 0.29684 0.29845 0.28091 0.18008 0.29649 0.06151 0.31469 0.18857 0.20973 0.29157 0.12389 0.07297 0.24098 0.28147 0.27752 0.20395 0.31048 0.30107 0.18008 0.2309 0.31047 0.29729 0.30249 0.21911 0.28109 0.18008 0.23702 0.24036 0.06485 0.24233 0.25922 0.18008 0.20395 0.2912 0.18008 0.29476 0.20395 0.25884 0.13805 0.13306 0.07407 0.23464 0.22369 0.29786 0.19163 0.292 0.23464 0.23343 0.18008 0.11695 0.30819 0.11198 0.29476 0.23533 0.23783 0.28091 0.07277 0.30654 0.27437 0.28045 0.12571 0.09886 0.2789 0.07594 0.06151 0.25955 0.18008 0.11198 0.29491 0.20397 0.27437 0.23464 0.18008 0.13231 0.09246 0.18857 0.11895 0.29845 0.18008 0.29157 0.11552 0.18857 0.18857 0.20115 0.0861 0.14398 0.23623 0.12389 0.30252 0.18857 0.09435 0.23519 0.07547 0.06118 0.23988 0.19093 0.31469 0.29476 0.23253 0.31384 0.12389 0.18857 0.18008 0.29684 0.08919 0.20395 0.12478 0.2789 0.12389 0.19278 0.20303 0.09342 0.23836 0.0651 0.30722 0.23988 0.06151 0.09735 0.23874 0.09058 0.08272 0.33059 0.20544 0.11198 0.29649 0.18857 0.19638 0.06151 0.28611 0.23988 0.20395 0.26743 0.31384 0.18008 0.29491 0.24071 0.31048 0.29476 0.28416 0.28117 0.12389 0.09553 0.257 0.18008 0.26704 0.23376 0.30248 0.30248 0.29958 0.13692 0.29414 0.20395 0.28611 0.18008 0.23988 0.20316 0.12389 0.29729 0.12446 0.20395 0.23464 0.22257 0.23533 0.20694 0.18008 0.25955 0.18008 0.18857 0.07642 0.30178 0.06151 0.23655 0.06641 0.26468 0.29476 0.23519 0.29188 0.06928 0.30692 0.28282 0.0725 0.08272 0.20731 0.31872 0.20731 0.1996 0.28393 0.23783 0.0717 0.20802 0.11552 0.07326 0.18008 0.12389 0.23519 0.21911 0.29967 0.20096 0.22518 0.29697 0.18008 0.20631 0.31092 0.13692 0.18857 0.23988 0.07393 0.08295 0.28091 0.18857 0.23557 0.27732 0.26704 0.29729 0.30599 0.30109 0.18008 0.11552 0.06151 0.1976 0.29046 0.20395 0.26772 
gi|1178680: 0.2836 0.29265 0.28896 0.24969 0.28775 0.30737 0.29729 0.0 0.33933 0.28896 0.30359 0.29056 0.30626 0.29265 0.28348 0.31929 0.30114 0.29615 0.30114 0.30868 0.28385 0.12507 0.25028 0.30166 0.29265 0.0901 0.28896 0.33544 0.30114 0.35592 0.04536 0.30626 0.29318 0.31409 0.34714 0.29827 0.31652 0.33123 0.32182 0.29265 0.30401 0.2965 0.0 0.28852 0.29222 0.26712 0.29265 0.31013 0.31347 0.2923 0.31544 0.30689 0.29265 0.31652 0.27723 0.29265 0.28079 0.31652 0.32451 0.32042 0.31543 0.30152 0.30775 0.2968 0.24969 0.3042 0.25569 0.30775 0.30654 0.29265 0.29932 0.32894 0.29435 0.28079 0.30844 0.31094 0.30166 0.29802 0.29257 0.34004 0.26648 0.30808 0.30437 0.32657 0.29145 0.28896 0.32522 0.29265 0.29435 0.24674 0.31654 0.34004 0.30775 0.29265 0.30726 0.29797 0.30114 0.30132 0.25028 0.29265 0.04536 0.29789 0.30114 0.30114 0.31372 0.29645 0.32635 0.30934 0.30626 0.28855 0.30114 0.29734 0.3083 0.29232 0.28863 0.30555 0.3035 0.33544 0.28079 0.30564 0.26567 0.30626 0.30114 0.29265 0.12507 0.2947 0.31652 0.30715 0.32657 0.30626 0.30535 0.3156 0.30893 0.31147 0.29531 0.32797 0.30555 0.28896 0.29408 0.31185 0.30609 0.28823 0.35134 0.31801 0.29435 0.0901 0.30114 0.30895 0.28896 0.30686 0.30555 0.31652 0.3331 0.26567 0.29265 0.24674 0.31382 0.33123 0.28079 0.30491 0.30192 0.30626 0.3073 0.32267 0.29265 0.27267 0.30687 0.08043 0.08043 0.32033 0.31929 0.28017 0.31652 0.30686 0.29265 0.30555 0.31573 0.30626 0.0 0.30683 0.31652 0.30775 0.29568 0.30844 0.31951 0.29265 0.32522 0.29265 0.30114 0.29193 0.25361 0.28896 0.30966 0.29386 0.31235 0.28079 0.3083 0.27791 0.29949 0.29295 0.34849 0.29995 0.28823 0.31988 0.33039 0.31988 0.31217 0.28218 0.31094 0.29915 0.32059 0.29789 0.29851 0.29265 0.30626 0.3083 0.29222 0.32042 0.31353 0.29829 0.2488 0.29265 0.31888 0.33167 0.31929 0.30114 0.30555 0.29078 0.28594 0.30166 0.30114 0.30868 0.34299 0.27267 0.0 0.29202 0.28712 0.29265 0.29789 0.28896 0.31017 0.24229 0.31652 0.33339 
gi|1130988: 0.33961 0.26902 0.26533 0.3399 0.26412 0.28374 0.27366 0.33933 0.0 0.26533 0.27996 0.26693 0.28263 0.26902 0.33949 0.29566 0.27751 0.27252 0.27751 0.28505 0.33986 0.33888 0.34049 0.32295 0.26902 0.33853 0.26533 0.35673 0.27751 0.33229 0.33361 0.28263 0.26955 0.29046 0.12515 0.31956 0.29289 0.35252 0.34311 0.26902 0.28038 0.35251 0.33933 0.34453 0.26859 0.32313 0.26902 0.2865 0.28984 0.26867 0.29181 0.30126 0.26902 0.29289 0.33324 0.26902 0.3368 0.29289 0.12098 0.29679 0.2918 0.27789 0.28412 0.27317 0.3399 0.28057 0.33404 0.28412 0.28291 0.26902 0.27569 0.35023 0.27072 0.3368 0.28481 0.28731 0.32295 0.27439 0.34858 0.06959 0.32249 0.28445 0.28074 0.32094 0.26782 0.26533 0.12169 0.26902 0.27072 0.33695 0.29291 0.06959 0.28412 0.26902 0.28363 0.27434 0.27751 0.27769 0.34049 0.26902 0.33361 0.27426 0.27751 0.27751 0.29009 0.27282 0.30272 0.28571 0.28263 0.34456 0.27751 0.27371 0.28467 0.26869 0.265 0.2549 0.27987 0.35673 0.3368 0.28201 0.35588 0.28263 0.27751 0.26902 0.33888 0.27107 0.29289 0.28352 0.32094 0.28263 0.28172 0.29197 0.2853 0.28784 0.27168 0.34926 0.2549 0.26533 0.27045 0.28822 0.28246 0.2646 0.37263 0.29438 0.27072 0.33853 0.27751 0.28532 0.26533 0.32815 0.2549 0.29289 0.08431 0.35588 0.26902 0.33695 0.29019 0.35252 0.3368 0.3262 0.32321 0.28263 0.28367 0.11914 0.26902 0.30908 0.28324 0.34452 0.34452 0.34162 0.29566 0.33618 0.29289 0.32815 0.26902 0.2549 0.2921 0.28263 0.33933 0.2832 0.29289 0.28412 0.27205 0.28481 0.29588 0.26902 0.12169 0.26902 0.27751 0.2683 0.34382 0.26533 0.28603 0.27023 0.30672 0.3368 0.28467 0.33392 0.27586 0.34896 0.07804 0.27632 0.2646 0.29625 0.36076 0.29625 0.28854 0.32597 0.28731 0.27552 0.29696 0.27426 0.27488 0.26902 0.28263 0.28467 0.26859 0.34171 0.2899 0.27466 0.33901 0.26902 0.29525 0.35296 0.29566 0.27751 0.2549 0.26715 0.26231 0.32295 0.27751 0.28505 0.28396 0.30908 0.33933 0.34803 0.34313 0.26902 0.27426 0.26533 0.28654 0.3325 0.29289 0.0846 
gi|3098405: 0.28924 0.17175 0.0 0.28953 0.07391 0.08353 0.06151 0.28896 0.26533 0.0 0.22215 0.07924 0.11556 0.17175 0.28912 0.12859 0.18024 0.06761 0.18024 0.22724 0.28949 0.28851 0.29012 0.27258 0.17175 0.28816 0.0 0.30636 0.18024 0.2014 0.28324 0.11556 0.06464 0.23265 0.27314 0.26919 0.19562 0.30215 0.29274 0.17175 0.22257 0.30214 0.28896 0.29416 0.21078 0.27276 0.17175 0.22869 0.23203 0.02406 0.234 0.25089 0.17175 0.19562 0.28287 0.17175 0.28643 0.19562 0.25051 0.12972 0.12473 0.06236 0.22631 0.21536 0.28953 0.1833 0.28367 0.22631 0.2251 0.17175 0.10862 0.29986 0.10365 0.28643 0.227 0.2295 0.27258 0.06444 0.29821 0.26604 0.27212 0.11738 0.09053 0.27057 0.06761 0.0 0.25122 0.17175 0.10365 0.28658 0.19564 0.26604 0.22631 0.17175 0.12398 0.08413 0.18024 0.11062 0.29012 0.17175 0.28324 0.10719 0.18024 0.18024 0.19282 0.07777 0.13565 0.2279 0.11556 0.29419 0.18024 0.08602 0.22686 0.06714 0.03703 0.23155 0.1826 0.30636 0.28643 0.2242 0.30551 0.11556 0.18024 0.17175 0.28851 0.08086 0.19562 0.11645 0.27057 0.11556 0.18445 0.1947 0.08509 0.23003 0.05953 0.29889 0.23155 0.0 0.08902 0.23041 0.08225 0.07439 0.32226 0.19711 0.10365 0.28816 0.18024 0.18805 0.0 0.27778 0.23155 0.19562 0.2591 0.30551 0.17175 0.28658 0.23238 0.30215 0.28643 0.27583 0.27284 0.11556 0.0872 0.24867 0.17175 0.25871 0.22543 0.29415 0.29415 0.29125 0.12859 0.28581 0.19562 0.27778 0.17175 0.23155 0.19483 0.11556 0.28896 0.11613 0.19562 0.22631 0.21424 0.227 0.19861 0.17175 0.25122 0.17175 0.18024 0.06809 0.29345 0.0 0.22822 0.0547 0.25635 0.28643 0.22686 0.28355 0.06371 0.29859 0.27449 0.05785 0.07439 0.19898 0.31039 0.19898 0.19127 0.2756 0.2295 0.05381 0.19969 0.10719 0.06493 0.17175 0.11556 0.22686 0.21078 0.29134 0.19263 0.21685 0.28864 0.17175 0.19798 0.30259 0.12859 0.18024 0.23155 0.0656 0.07462 0.27258 0.18024 0.22724 0.26899 0.25871 0.28896 0.29766 0.29276 0.17175 0.10719 0.0 0.18927 0.28213 0.19562 0.25939 
gi|1160849: 0.30387 0.22584 0.22215 0.30416 0.22094 0.24056 0.23048 0.30359 0.27996 0.22215 0.0 0.22375 0.23945 0.22584 0.30375 0.25248 0.23433 0.22934 0.23433 0.17247 0.30412 0.30314 0.30475 0.28721 0.22584 0.30279 0.22215 0.32099 0.23433 0.28911 0.29787 0.23945 0.22637 0.18454 0.28777 0.28382 0.24971 0.31678 0.30737 0.22584 0.1678 0.31677 0.30359 0.30879 0.16267 0.28739 0.22584 0.17392 0.17726 0.22549 0.17923 0.26552 0.22584 0.24971 0.2975 0.22584 0.30106 0.24971 0.26514 0.25361 0.24862 0.23471 0.17154 0.16725 0.30416 0.23739 0.2983 0.17154 0.17033 0.22584 0.23251 0.31449 0.22754 0.30106 0.10081 0.10331 0.28721 0.23121 0.31284 0.28067 0.28675 0.24127 0.23756 0.2852 0.22464 0.22215 0.26585 0.22584 0.22754 0.30121 0.24973 0.28067 0.17154 0.22584 0.24045 0.23116 0.23433 0.23451 0.30475 0.22584 0.29787 0.23108 0.23433 0.23433 0.24691 0.22964 0.25954 0.10171 0.23945 0.30882 0.23433 0.23053 0.10067 0.22551 0.22182 0.24618 0.23669 0.32099 0.30106 0.09801 0.32014 0.23945 0.23433 0.22584 0.30314 0.22789 0.24971 0.24034 0.2852 0.23945 0.23854 0.24879 0.24212 0.17526 0.2285 0.31352 0.24618 0.22215 0.22727 0.10422 0.23928 0.22142 0.33689 0.2512 0.22754 0.30279 0.23433 0.24214 0.22215 0.29241 0.24618 0.24971 0.27373 0.32014 0.22584 0.30121 0.10619 0.31678 0.30106 0.29046 0.28747 0.23945 0.24049 0.2633 0.22584 0.27334 0.17066 0.30878 0.30878 0.30588 0.25248 0.30044 0.24971 0.29241 0.22584 0.24618 0.24892 0.23945 0.30359 0.24002 0.24971 0.17154 0.16613 0.10081 0.2527 0.22584 0.26585 0.22584 0.23433 0.22512 0.30808 0.22215 0.17345 0.22705 0.27098 0.30106 0.10067 0.29818 0.23268 0.31322 0.28912 0.23314 0.22142 0.25307 0.32502 0.25307 0.24536 0.29023 0.10331 0.23234 0.25378 0.23108 0.2317 0.22584 0.23945 0.10067 0.16267 0.30597 0.24672 0.16874 0.30327 0.22584 0.25207 0.31722 0.25248 0.23433 0.24618 0.22397 0.21913 0.28721 0.23433 0.17247 0.28362 0.27334 0.30359 0.31229 0.30739 0.22584 0.23108 0.22215 0.24336 0.29676 0.24971 0.27402 
gi|4274100: 0.29084 0.17335 0.07924 0.29113 0.07803 0.09765 0.08757 0.29056 0.26693 0.07924 0.22375 0.0 0.11716 0.17335 0.29072 0.13019 0.18184 0.08643 0.18184 0.22884 0.29109 0.29011 0.29172 0.27418 0.17335 0.28976 0.07924 0.30796 0.18184 0.203 0.28484 0.11716 0.08346 0.23425 0.27474 0.27079 0.19722 0.30375 0.29434 0.17335 0.22417 0.30374 0.29056 0.29576 0.21238 0.27436 0.17335 0.23029 0.23363 0.08258 0.2356 0.25249 0.17335 0.19722 0.28447 0.17335 0.28803 0.19722 0.25211 0.13132 0.12633 0.0918 0.22791 0.21696 0.29113 0.1849 0.28527 0.22791 0.2267 0.17335 0.11022 0.30146 0.10525 0.28803 0.2286 0.2311 0.27418 0.0883 0.29981 0.26764 0.27372 0.11898 0.09465 0.27217 0.08173 0.07924 0.25282 0.17335 0.10525 0.28818 0.19724 0.26764 0.22791 0.17335 0.12558 0.08825 0.18184 0.11222 0.29172 0.17335 0.28484 0.10879 0.18184 0.18184 0.19442 0.08673 0.13725 0.2295 0.11716 0.29579 0.18184 0.06052 0.22846 0.0826 0.07891 0.23315 0.1842 0.30796 0.28803 0.2258 0.30711 0.11716 0.18184 0.17335 0.29011 0.08498 0.19722 0.11805 0.27217 0.11716 0.18605 0.1963 0.09921 0.23163 0.08559 0.30049 0.23315 0.07924 0.09062 0.23201 0.09637 0.07851 0.32386 0.19871 0.10525 0.28976 0.18184 0.18965 0.07924 0.27938 0.23315 0.19722 0.2607 0.30711 0.17335 0.28818 0.23398 0.30375 0.28803 0.27743 0.27444 0.11716 0.09758 0.25027 0.17335 0.26031 0.22703 0.29575 0.29575 0.29285 0.13019 0.28741 0.19722 0.27938 0.17335 0.23315 0.19643 0.11716 0.29056 0.11773 0.19722 0.22791 0.21584 0.2286 0.20021 0.17335 0.25282 0.17335 0.18184 0.08221 0.29505 0.07924 0.22982 0.08414 0.25795 0.28803 0.22846 0.28515 0.08977 0.30019 0.27609 0.09023 0.07851 0.20058 0.31199 0.20058 0.19287 0.2772 0.2311 0.08943 0.20129 0.10879 0.08879 0.17335 0.11716 0.22846 0.21238 0.29294 0.19423 0.21845 0.29024 0.17335 0.19958 0.30419 0.13019 0.18184 0.23315 0.08106 0.04196 0.27418 0.18184 0.22884 0.27059 0.26031 0.29056 0.29926 0.29436 0.17335 0.10879 0.07924 0.19087 0.28373 0.19722 0.26099 
gi|7528566: 0.30654 0.18905 0.11556 0.30683 0.11435 0.13397 0.12389 0.30626 0.28263 0.11556 0.23945 0.11716 0.0 0.18905 0.30642 0.06851 0.19754 0.12275 0.19754 0.24454 0.30679 0.30581 0.30742 0.28988 0.18905 0.30546 0.11556 0.32366 0.19754 0.2187 0.30054 0.0 0.11978 0.24995 0.29044 0.28649 0.21292 0.31945 0.31004 0.18905 0.23987 0.31944 0.30626 0.31146 0.22808 0.29006 0.18905 0.24599 0.24933 0.1189 0.2513 0.26819 0.18905 0.21292 0.30017 0.18905 0.30373 0.21292 0.26781 0.14308 0.13391 0.12812 0.24361 0.23266 0.30683 0.2006 0.30097 0.24361 0.2424 0.18905 0.07328 0.31716 0.11701 0.30373 0.2443 0.2468 0.28988 0.12462 0.31551 0.28334 0.28942 0.04112 0.13097 0.28787 0.11805 0.11556 0.26852 0.18905 0.11701 0.30388 0.21294 0.28334 0.24361 0.18905 0.14128 0.12457 0.19754 0.0834 0.30742 0.18905 0.30054 0.07185 0.19754 0.19754 0.21012 0.12305 0.14483 0.2452 0.0 0.31149 0.19754 0.12394 0.24416 0.11892 0.11523 0.24885 0.1999 0.32366 0.30373 0.2415 0.32281 0.0 0.19754 0.18905 0.30581 0.1213 0.21292 0.05637 0.28787 0.0 0.20175 0.212 0.13553 0.24733 0.12191 0.31619 0.24885 0.11556 0.12068 0.24771 0.13269 0.11483 0.33956 0.21441 0.11701 0.30546 0.19754 0.20535 0.11556 0.29508 0.24885 0.21292 0.2764 0.32281 0.18905 0.30388 0.24968 0.31945 0.30373 0.29313 0.29014 0.0 0.1339 0.26597 0.18905 0.27601 0.24273 0.31145 0.31145 0.30855 0.06851 0.30311 0.21292 0.29508 0.18905 0.24885 0.21213 0.0 0.30626 0.08079 0.21292 0.24361 0.23154 0.2443 0.21591 0.18905 0.26852 0.18905 0.19754 0.11853 0.31075 0.11556 0.24552 0.12046 0.27365 0.30373 0.24416 0.30085 0.12609 0.31589 0.29179 0.12655 0.11483 0.21628 0.32769 0.21628 0.20857 0.2929 0.2468 0.12575 0.21699 0.07185 0.12511 0.18905 0.0 0.24416 0.22808 0.30864 0.20993 0.23415 0.30594 0.18905 0.21528 0.31989 0.06851 0.19754 0.24885 0.11738 0.11254 0.28988 0.19754 0.24454 0.28629 0.27601 0.30626 0.31496 0.31006 0.18905 0.07185 0.11556 0.20657 0.29943 0.21292 0.27669 
gi|9835468: 0.29293 0.0 0.17175 0.29322 0.17054 0.19016 0.18008 0.29265 0.26902 0.17175 0.22584 0.17335 0.18905 0.0 0.29281 0.20208 0.05629 0.17894 0.05629 0.23093 0.29318 0.2922 0.29381 0.27627 0.0 0.29185 0.17175 0.31005 0.05629 0.23871 0.28693 0.18905 0.17597 0.23634 0.27683 0.27288 0.15839 0.30584 0.29643 0.0 0.22626 0.30583 0.29265 0.29785 0.21447 0.27645 0.0 0.23238 0.23572 0.17509 0.23769 0.25458 0.0 0.15839 0.28656 0.0 0.29012 0.15839 0.2542 0.20321 0.19822 0.18431 0.23 0.21905 0.29322 0.05259 0.28736 0.23 0.22879 0.0 0.18211 0.30355 0.17714 0.29012 0.23069 0.23319 0.27627 0.18081 0.3019 0.26973 0.27581 0.19087 0.18716 0.27426 0.17424 0.17175 0.25491 0.0 0.17714 0.29027 0.07169 0.26973 0.23 0.0 0.19005 0.18076 0.05629 0.18411 0.29381 0.0 0.28693 0.18068 0.05629 0.05629 0.05519 0.17924 0.20914 0.23159 0.18905 0.29788 0.05629 0.18013 0.23055 0.17511 0.17142 0.23524 0.09987 0.31005 0.29012 0.22789 0.3092 0.18905 0.05629 0.0 0.2922 0.17749 0.15839 0.18994 0.27426 0.18905 0.0704 0.05463 0.19172 0.23372 0.1781 0.30258 0.23524 0.17175 0.17687 0.2341 0.18888 0.17102 0.32595 0.0664 0.17714 0.29185 0.05629 0.05238 0.17175 0.28147 0.23524 0.15839 0.26279 0.3092 0.0 0.29027 0.23607 0.30584 0.29012 0.27952 0.27653 0.18905 0.19009 0.25236 0.0 0.2624 0.22912 0.29784 0.29784 0.29494 0.20208 0.2895 0.15839 0.28147 0.0 0.23524 0.09432 0.18905 0.29265 0.18962 0.15839 0.23 0.21793 0.23069 0.07466 0.0 0.25491 0.0 0.05629 0.17472 0.29714 0.17175 0.23191 0.17665 0.26004 0.29012 0.23055 0.28724 0.18228 0.30228 0.27818 0.18274 0.17102 0.06331 0.31408 0.06331 0.04918 0.27929 0.23319 0.18194 0.16246 0.18068 0.1813 0.0 0.18905 0.23055 0.21447 0.29503 0.05696 0.22054 0.29233 0.0 0.07403 0.30628 0.20208 0.05629 0.23524 0.17357 0.16873 0.27627 0.05629 0.23093 0.27268 0.2624 0.29265 0.30135 0.29645 0.0 0.18068 0.17175 0.0536 0.28582 0.15839 0.26308 
gi|9270811: 0.2172 0.29281 0.28912 0.28405 0.28791 0.30753 0.29745 0.28348 0.33949 0.28912 0.30375 0.29072 0.30642 0.29281 0.0 0.31945 0.3013 0.29631 0.3013 0.30884 0.21745 0.28303 0.28464 0.30182 0.29281 0.28268 0.28912 0.3356 0.3013 0.35608 0.27776 0.30642 0.29334 0.31425 0.3473 0.29843 0.31668 0.33139 0.32198 0.29281 0.30417 0.2301 0.28348 0.22212 0.29238 0.22576 0.29281 0.31029 0.31363 0.29246 0.3156 0.30705 0.29281 0.31668 0.23587 0.29281 0.09173 0.31668 0.32467 0.32058 0.31559 0.30168 0.30791 0.29696 0.28405 0.30436 0.27819 0.30791 0.3067 0.29281 0.29948 0.3291 0.29451 0.09173 0.3086 0.3111 0.30182 0.29818 0.22617 0.3402 0.19288 0.30824 0.30453 0.32673 0.29161 0.28912 0.32538 0.29281 0.29451 0.2811 0.3167 0.3402 0.30791 0.29281 0.30742 0.29813 0.3013 0.30148 0.28464 0.29281 0.27776 0.29805 0.3013 0.3013 0.31388 0.29661 0.32651 0.3095 0.30642 0.14815 0.3013 0.2975 0.30846 0.29248 0.28879 0.30571 0.30366 0.3356 0.09173 0.3058 0.30003 0.30642 0.3013 0.29281 0.28303 0.29486 0.31668 0.30731 0.32673 0.30642 0.30551 0.31576 0.30909 0.31163 0.29547 0.32813 0.30571 0.28912 0.29424 0.31201 0.30625 0.28839 0.3515 0.31817 0.29451 0.28268 0.3013 0.30911 0.28912 0.30702 0.30571 0.31668 0.33326 0.30003 0.29281 0.2811 0.31398 0.33139 0.09173 0.30507 0.30208 0.30642 0.30746 0.32283 0.29281 0.27283 0.30703 0.28867 0.28867 0.32049 0.31945 0.09111 0.31668 0.30702 0.29281 0.30571 0.31589 0.30642 0.28348 0.30699 0.31668 0.30791 0.29584 0.3086 0.31967 0.29281 0.32538 0.29281 0.3013 0.29209 0.28797 0.28912 0.30982 0.29402 0.31251 0.09173 0.30846 0.20431 0.29965 0.19243 0.34865 0.30011 0.28839 0.32004 0.33055 0.32004 0.31233 0.28234 0.3111 0.29931 0.32075 0.29805 0.29867 0.29281 0.30642 0.30846 0.29238 0.32058 0.31369 0.29845 0.28316 0.29281 0.31904 0.33183 0.31945 0.3013 0.30571 0.29094 0.2861 0.30182 0.3013 0.30884 0.34315 0.27283 0.28348 0.10296 0.09806 0.29281 0.29805 0.28912 0.31033 0.27665 0.31668 0.33355 
gi|7528565: 0.31957 0.20208 0.12859 0.31986 0.12738 0.147 0.13692 0.31929 0.29566 0.12859 0.25248 0.13019 0.06851 0.20208 0.31945 0.0 0.21057 0.13578 0.21057 0.25757 0.31982 0.31884 0.32045 0.30291 0.20208 0.31849 0.12859 0.33669 0.21057 0.23173 0.31357 0.06851 0.13281 0.26298 0.30347 0.29952 0.22595 0.33248 0.32307 0.20208 0.2529 0.33247 0.31929 0.32449 0.24111 0.30309 0.20208 0.25902 0.26236 0.13193 0.26433 0.28122 0.20208 0.22595 0.3132 0.20208 0.31676 0.22595 0.28084 0.15611 0.14694 0.14115 0.25664 0.24569 0.31986 0.21363 0.314 0.25664 0.25543 0.20208 0.08631 0.33019 0.13004 0.31676 0.25733 0.25983 0.30291 0.13765 0.32854 0.29637 0.30245 0.07033 0.144 0.3009 0.13108 0.12859 0.28155 0.20208 0.13004 0.31691 0.22597 0.29637 0.25664 0.20208 0.15431 0.1376 0.21057 0.09643 0.32045 0.20208 0.31357 0.08488 0.21057 0.21057 0.22315 0.13608 0.15786 0.25823 0.06851 0.32452 0.21057 0.13697 0.25719 0.13195 0.12826 0.26188 0.21293 0.33669 0.31676 0.25453 0.33584 0.06851 0.21057 0.20208 0.31884 0.13433 0.22595 0.05536 0.3009 0.06851 0.21478 0.22503 0.14856 0.26036 0.13494 0.32922 0.26188 0.12859 0.13371 0.26074 0.14572 0.12786 0.35259 0.22744 0.13004 0.31849 0.21057 0.21838 0.12859 0.30811 0.26188 0.22595 0.28943 0.33584 0.20208 0.31691 0.26271 0.33248 0.31676 0.30616 0.30317 0.06851 0.14693 0.279 0.20208 0.28904 0.25576 0.32448 0.32448 0.32158 0.0 0.31614 0.22595 0.30811 0.20208 0.26188 0.22516 0.06851 0.31929 0.09382 0.22595 0.25664 0.24457 0.25733 0.22894 0.20208 0.28155 0.20208 0.21057 0.13156 0.32378 0.12859 0.25855 0.13349 0.28668 0.31676 0.25719 0.31388 0.13912 0.32892 0.30482 0.13958 0.12786 0.22931 0.34072 0.22931 0.2216 0.30593 0.25983 0.13878 0.23002 0.08488 0.13814 0.20208 0.06851 0.25719 0.24111 0.32167 0.22296 0.24718 0.31897 0.20208 0.22831 0.33292 0.0 0.21057 0.26188 0.13041 0.12557 0.30291 0.21057 0.25757 0.29932 0.28904 0.31929 0.32799 0.32309 0.20208 0.08488 0.12859 0.2196 0.31246 0.22595 0.28972 
gi|7461158: 0.30142 0.05629 0.18024 0.30171 0.17903 0.19865 0.18857 0.30114 0.27751 0.18024 0.23433 0.18184 0.19754 0.05629 0.3013 0.21057 0.0 0.18743 0.0 0.23942 0.30167 0.30069 0.3023 0.28476 0.05629 0.30034 0.18024 0.31854 0.0 0.2472 0.29542 0.19754 0.18446 0.24483 0.28532 0.28137 0.16688 0.31433 0.30492 0.05629 0.23475 0.31432 0.30114 0.30634 0.22296 0.28494 0.05629 0.24087 0.24421 0.18358 0.24618 0.26307 0.05629 0.16688 0.29505 0.05629 0.29861 0.16688 0.26269 0.2117 0.20671 0.1928 0.23849 0.22754 0.30171 0.06784 0.29585 0.23849 0.23728 0.05629 0.1906 0.31204 0.18563 0.29861 0.23918 0.24168 0.28476 0.1893 0.31039 0.27822 0.2843 0.19936 0.19565 0.28275 0.18273 0.18024 0.2634 0.05629 0.18563 0.29876 0.05022 0.27822 0.23849 0.05629 0.19854 0.18925 0.0 0.1926 0.3023 0.05629 0.29542 0.18917 0.0 0.0 0.07736 0.18773 0.21763 0.24008 0.19754 0.30637 0.0 0.18862 0.23904 0.1836 0.17991 0.24373 0.10836 0.31854 0.29861 0.23638 0.31769 0.19754 0.0 0.05629 0.30069 0.18598 0.16688 0.19843 0.28275 0.19754 0.07889 0.07924 0.20021 0.24221 0.18659 0.31107 0.24373 0.18024 0.18536 0.24259 0.19737 0.17951 0.33444 0.08165 0.18563 0.30034 0.0 0.07259 0.18024 0.28996 0.24373 0.16688 0.27128 0.31769 0.05629 0.29876 0.24456 0.31433 0.29861 0.28801 0.28502 0.19754 0.19858 0.26085 0.05629 0.27089 0.23761 0.30633 0.30633 0.30343 0.21057 0.29799 0.16688 0.28996 0.05629 0.24373 0.10281 0.19754 0.30114 0.19811 0.16688 0.23849 0.22642 0.23918 0.05319 0.05629 0.2634 0.05629 0.0 0.18321 0.30563 0.18024 0.2404 0.18514 0.26853 0.29861 0.23904 0.29573 0.19077 0.31077 0.28667 0.19123 0.17951 0.08352 0.32257 0.08352 0.07581 0.28778 0.24168 0.19043 0.17095 0.18917 0.18979 0.05629 0.19754 0.23904 0.22296 0.30352 0.07717 0.22903 0.30082 0.05629 0.04984 0.31477 0.21057 0.0 0.24373 0.18206 0.17722 0.28476 0.0 0.23942 0.28117 0.27089 0.30114 0.30984 0.30494 0.05629 0.18917 0.18024 0.07381 0.29431 0.16688 0.27157 
gi|493911|: 0.29643 0.17894 0.06761 0.29672 0.0811 0.09072 0.07594 0.29615 0.27252 0.06761 0.22934 0.08643 0.12275 0.17894 0.29631 0.13578 0.18743 0.0 0.18743 0.23443 0.29668 0.2957 0.29731 0.27977 0.17894 0.29535 0.06761 0.31355 0.18743 0.20859 0.29043 0.12275 0.05469 0.23984 0.28033 0.27638 0.20281 0.30934 0.29993 0.17894 0.22976 0.30933 0.29615 0.30135 0.21797 0.27995 0.17894 0.23588 0.23922 0.07095 0.24119 0.25808 0.17894 0.20281 0.29006 0.17894 0.29362 0.20281 0.2577 0.13691 0.13192 0.08017 0.2335 0.22255 0.29672 0.19049 0.29086 0.2335 0.23229 0.17894 0.11581 0.30705 0.11084 0.29362 0.23419 0.23669 0.27977 0.07667 0.3054 0.27323 0.27931 0.12457 0.09772 0.27776 0.0748 0.06761 0.25841 0.17894 0.11084 0.29377 0.20283 0.27323 0.2335 0.17894 0.13117 0.09132 0.18743 0.11781 0.29731 0.17894 0.29043 0.11438 0.18743 0.18743 0.20001 0.08496 0.14284 0.23509 0.12275 0.30138 0.18743 0.09321 0.23405 0.07433 0.06728 0.23874 0.18979 0.31355 0.29362 0.23139 0.3127 0.12275 0.18743 0.17894 0.2957 0.08805 0.20281 0.12364 0.27776 0.12275 0.19164 0.20189 0.09228 0.23722 0.07396 0.30608 0.23874 0.06761 0.09621 0.2376 0.08944 0.08158 0.32945 0.2043 0.11084 0.29535 0.18743 0.19524 0.06761 0.28497 0.23874 0.20281 0.26629 0.3127 0.17894 0.29377 0.23957 0.30934 0.29362 0.28302 0.28003 0.12275 0.09439 0.25586 0.17894 0.2659 0.23262 0.30134 0.30134 0.29844 0.13578 0.293 0.20281 0.28497 0.17894 0.23874 0.20202 0.12275 0.29615 0.12332 0.20281 0.2335 0.22143 0.23419 0.2058 0.17894 0.25841 0.17894 0.18743 0.07528 0.30064 0.06761 0.23541 0.07251 0.26354 0.29362 0.23405 0.29074 0.07814 0.30578 0.28168 0.0786 0.08158 0.20617 0.31758 0.20617 0.19846 0.28279 0.23669 0.0778 0.20688 0.11438 0.07716 0.17894 0.12275 0.23405 0.21797 0.29853 0.19982 0.22404 0.29583 0.17894 0.20517 0.30978 0.13578 0.18743 0.23874 0.07279 0.08181 0.27977 0.18743 0.23443 0.27618 0.2659 0.29615 0.30485 0.29995 0.17894 0.11438 0.06761 0.19646 0.28932 0.20281 0.26658 
gi|1140996: 0.30142 0.05629 0.18024 0.30171 0.17903 0.19865 0.18857 0.30114 0.27751 0.18024 0.23433 0.18184 0.19754 0.05629 0.3013 0.21057 0.0 0.18743 0.0 0.23942 0.30167 0.30069 0.3023 0.28476 0.05629 0.30034 0.18024 0.31854 0.0 0.2472 0.29542 0.19754 0.18446 0.24483 0.28532 0.28137 0.16688 0.31433 0.30492 0.05629 0.23475 0.31432 0.30114 0.30634 0.22296 0.28494 0.05629 0.24087 0.24421 0.18358 0.24618 0.26307 0.05629 0.16688 0.29505 0.05629 0.29861 0.16688 0.26269 0.2117 0.20671 0.1928 0.23849 0.22754 0.30171 0.06784 0.29585 0.23849 0.23728 0.05629 0.1906 0.31204 0.18563 0.29861 0.23918 0.24168 0.28476 0.1893 0.31039 0.27822 0.2843 0.19936 0.19565 0.28275 0.18273 0.18024 0.2634 0.05629 0.18563 0.29876 0.05022 0.27822 0.23849 0.05629 0.19854 0.18925 0.0 0.1926 0.3023 0.05629 0.29542 0.18917 0.0 0.0 0.07736 0.18773 0.21763 0.24008 0.19754 0.30637 0.0 0.18862 0.23904 0.1836 0.17991 0.24373 0.10836 0.31854 0.29861 0.23638 0.31769 0.19754 0.0 0.05629 0.30069 0.18598 0.16688 0.19843 0.28275 0.19754 0.07889 0.07924 0.20021 0.24221 0.18659 0.31107 0.24373 0.18024 0.18536 0.24259 0.19737 0.17951 0.33444 0.08165 0.18563 0.30034 0.0 0.07259 0.18024 0.28996 0.24373 0.16688 0.27128 0.31769 0.05629 0.29876 0.24456 0.31433 0.29861 0.28801 0.28502 0.19754 0.19858 0.26085 0.05629 0.27089 0.23761 0.30633 0.30633 0.30343 0.21057 0.29799 0.16688 0.28996 0.05629 0.24373 0.10281 0.19754 0.30114 0.19811 0.16688 0.23849 0.22642 0.23918 0.05319 0.05629 0.2634 0.05629 0.0 0.18321 0.30563 0.18024 0.2404 0.18514 0.26853 0.29861 0.23904 0.29573 0.19077 0.31077 0.28667 0.19123 0.17951 0.08352 0.32257 0.08352 0.07581 0.28778 0.24168 0.19043 0.17095 0.18917 0.18979 0.05629 0.19754 0.23904 0.22296 0.30352 0.07717 0.22903 0.30082 0.05629 0.04984 0.31477 0.21057 0.0 0.24373 0.18206 0.17722 0.28476 0.0 0.23942 0.28117 0.27089 0.30114 0.30984 0.30494 0.05629 0.18917 0.18024 0.07381 0.29431 0.16688 0.27157 
gi|1222975: 0.30896 0.23093 0.22724 0.30925 0.22603 0.24565 0.23557 0.30868 0.28505 0.22724 0.17247 0.22884 0.24454 0.23093 0.30884 0.25757 0.23942 0.23443 0.23942 0.0 0.30921 0.30823 0.30984 0.2923 0.23093 0.30788 0.22724 0.32608 0.23942 0.2942 0.30296 0.24454 0.23146 0.18963 0.29286 0.28891 0.2548 0.32187 0.31246 0.23093 0.08859 0.32186 0.30868 0.31388 0.16776 0.29248 0.23093 0.07633 0.07967 0.23058 0.09522 0.27061 0.23093 0.2548 0.30259 0.23093 0.30615 0.2548 0.27023 0.2587 0.25371 0.2398 0.07395 0.17234 0.30925 0.24248 0.30339 0.07395 0.09112 0.23093 0.2376 0.31958 0.23263 0.30615 0.17732 0.17982 0.2923 0.2363 0.31793 0.28576 0.29184 0.24636 0.24265 0.29029 0.22973 0.22724 0.27094 0.23093 0.23263 0.3063 0.25482 0.28576 0.07395 0.23093 0.24554 0.23625 0.23942 0.2396 0.30984 0.23093 0.30296 0.23617 0.23942 0.23942 0.252 0.23473 0.26463 0.17822 0.24454 0.31391 0.23942 0.23562 0.17718 0.2306 0.22691 0.25127 0.24178 0.32608 0.30615 0.17452 0.32523 0.24454 0.23942 0.23093 0.30823 0.23298 0.2548 0.24543 0.29029 0.24454 0.24363 0.25388 0.24721 0.04429 0.23359 0.31861 0.25127 0.22724 0.23236 0.18073 0.24437 0.22651 0.34198 0.25629 0.23263 0.30788 0.23942 0.24723 0.22724 0.2975 0.25127 0.2548 0.27882 0.32523 0.23093 0.3063 0.1827 0.32187 0.30615 0.29555 0.29256 0.24454 0.24558 0.26839 0.23093 0.27843 0.09145 0.31387 0.31387 0.31097 0.25757 0.30553 0.2548 0.2975 0.23093 0.25127 0.25401 0.24454 0.30868 0.24511 0.2548 0.07395 0.17122 0.17732 0.25779 0.23093 0.27094 0.23093 0.23942 0.23021 0.31317 0.22724 0.09424 0.23214 0.27607 0.30615 0.17718 0.30327 0.23777 0.31831 0.29421 0.23823 0.22651 0.25816 0.33011 0.25816 0.25045 0.29532 0.17982 0.23743 0.25887 0.23617 0.23679 0.23093 0.24454 0.17718 0.16776 0.31106 0.25181 0.17383 0.30836 0.23093 0.25716 0.32231 0.25757 0.23942 0.25127 0.22906 0.22422 0.2923 0.23942 0.0 0.28871 0.27843 0.30868 0.31738 0.31248 0.23093 0.23617 0.22724 0.24845 0.30185 0.2548 0.27911 
