   57
gi|1427799 0.0000000 0.0833249 0.1666499 0.1666499 0.1166549 0.1666499 0.0924099 0.1999799 0.0846641 0.1764367 0.1999799 0.1666499 0.2499748 0.1694082 0.2833048 0.3499647 0.1694082 0.1666499 0.1092152 0.3781012 0.3166348 0.4066918 0.5666096 0.5666096 0.5166146 0.5166146 0.5832746 0.5041330 0.5332796 0.3781012 0.3781012 0.5332796 0.3618221 0.3727942 0.5999396 0.5832746 0.5832746 0.5687670 0.3681552 0.7389213 0.6750877 0.6477336 0.6086026 0.8304125 0.6609242 0.6199222 0.6399217 0.8643102 0.4201212 0.6439754 0.6637926 0.6974033 0.6974033 0.9144242 0.9144242 0.6138842 0.9999093
gi|4976778 0.0833249 0.0000000 0.0833249 0.0833249 0.0333300 0.0833249 0.0083830 0.1166549 0.0168688 0.0924099 0.1166549 0.0833249 0.1666499 0.1016129 0.1999799 0.2999698 0.1016129 0.0833249 0.1092152 0.4285173 0.2833048 0.4066918 0.5666096 0.5666096 0.5166146 0.5166146 0.5832746 0.5041330 0.5332796 0.3781012 0.3781012 0.5332796 0.3618221 0.3727942 0.5999396 0.5832746 0.5832746 0.5687670 0.3681552 0.7389213 0.6750877 0.6477336 0.6086026 0.8304125 0.6609242 0.6199222 0.6399217 0.8643102 0.4201212 0.6439754 0.6637926 0.6974033 0.6974033 0.9144242 0.9144242 0.6138842 0.9999093
gi|1381585 0.1666499 0.0833249 0.0000000 0.0000000 0.1166549 0.0833249 0.0924099 0.1666499 0.1016129 0.0083830 0.1666499 0.0000000 0.1166549 0.1185617 0.1999799 0.2999698 0.1863570 0.0000000 0.1932421 0.3781012 0.1999799 0.3558453 0.5166146 0.5166146 0.4666197 0.4666197 0.5332796 0.4528466 0.4832846 0.2940744 0.2940744 0.4832846 0.2755950 0.2880500 0.5499446 0.5332796 0.5332796 0.5170308 0.2752503 0.6519273 0.7605650 0.5890371 0.5499061 0.7795660 0.6100778 0.6199222 0.6399217 0.8134637 0.5274912 0.5592313 0.6133764 0.6805979 0.6805979 0.8631378 0.8631378 0.6138842 0.9999093
gi|4976759 0.1666499 0.0833249 0.0000000 0.0000000 0.1166549 0.0833249 0.0924099 0.1666499 0.1016129 0.0083830 0.1666499 0.0000000 0.1166549 0.1185617 0.1999799 0.2999698 0.1863570 0.0000000 0.1932421 0.3781012 0.1999799 0.3558453 0.5166146 0.5166146 0.4666197 0.4666197 0.5332796 0.4528466 0.4832846 0.2940744 0.2940744 0.4832846 0.2755950 0.2880500 0.5499446 0.5332796 0.5332796 0.5170308 0.2752503 0.6519273 0.7605650 0.5890371 0.5499061 0.7795660 0.6100778 0.6199222 0.6399217 0.8134637 0.5274912 0.5592313 0.6133764 0.6805979 0.6805979 0.8631378 0.8631378 0.6138842 0.9999093
gi|5021171 0.1166549 0.0333300 0.1166549 0.1166549 0.0000000 0.1166549 0.0251884 0.0833249 0.0338176 0.1092152 0.1166549 0.1166549 0.1666499 0.1185617 0.1999799 0.2999698 0.1185617 0.1166549 0.1260206 0.4285173 0.2833048 0.4066918 0.5666096 0.5666096 0.5166146 0.5166146 0.5832746 0.5041330 0.5332796 0.3781012 0.3781012 0.5332796 0.3618221 0.3727942 0.5999396 0.5832746 0.5832746 0.5687670 0.3309932 0.7389213 0.6921832 0.6477336 0.6086026 0.8304125 0.6609242 0.6199222 0.6399217 0.8643102 0.4415952 0.6439754 0.6637926 0.6974033 0.6974033 0.9144242 0.9144242 0.6138842 0.9999093
gi|1062516 0.1666499 0.0833249 0.0833249 0.0833249 0.1166549 0.0000000 0.0924099 0.1666499 0.1016129 0.0924099 0.1666499 0.0833249 0.1666499 0.1185617 0.1999799 0.2499748 0.1863570 0.0833249 0.1932421 0.4285173 0.2833048 0.4066918 0.5666096 0.5666096 0.5166146 0.5166146 0.5832746 0.5041330 0.5332796 0.3781012 0.3781012 0.5332796 0.3618221 0.3727942 0.5999396 0.5832746 0.5832746 0.5687670 0.3681552 0.7389213 0.7605650 0.6477336 0.6086026 0.8304125 0.6609242 0.6199222 0.6399217 0.8643102 0.5274912 0.6439754 0.6637926 0.6974033 0.6974033 0.9144242 0.9144242 0.6138842 0.9999093
gi|3891959 0.0924099 0.0083830 0.0924099 0.0924099 0.0251884 0.0924099 0.0000000 0.1092152 0.0085260 0.0847374 0.1092152 0.0924099 0.1596314 0.0939894 0.1932421 0.2940744 0.0939894 0.0924099 0.1016848 0.4236868 0.2772690 0.4016577 0.5629603 0.5629603 0.5125442 0.5125442 0.5797657 0.4999097 0.5293496 0.3728444 0.3728444 0.5293496 0.3563651 0.3674723 0.5965711 0.5797657 0.5797657 0.5650801 0.3625701 0.7366809 0.6723210 0.6445483 0.6050634 0.8289747 0.6580479 0.6164518 0.6366341 0.8631601 0.4146575 0.6409552 0.6609514 0.6948463 0.6948463 0.9136967 0.9136967 0.6098380 0.9999101
gi|5043250 0.1999799 0.1166549 0.1666499 0.1666499 0.0833249 0.1666499 0.1092152 0.0000000 0.1185617 0.1596314 0.0333300 0.1666499 0.1166549 0.1863570 0.1499849 0.2499748 0.2033059 0.1666499 0.2100475 0.4789335 0.3332998 0.3558453 0.5166146 0.5166146 0.4666197 0.4666197 0.5332796 0.4528466 0.4832846 0.4285173 0.4285173 0.4832846 0.4135583 0.4236406 0.5499446 0.5332796 0.5332796 0.5170308 0.3867362 0.7911176 0.7776605 0.5890371 0.5499061 0.7795660 0.6609242 0.6199222 0.6399217 0.8134637 0.5489651 0.6609242 0.6637926 0.7142087 0.7142087 0.8802333 0.8802333 0.6138842 0.9999093
gi|1578315 0.0846641 0.0168688 0.1016129 0.1016129 0.0338176 0.1016129 0.0085260 0.1185617 0.0000000 0.0939894 0.1185617 0.1016129 0.1694082 0.0861985 0.2033059 0.3049988 0.0861985 0.1016129 0.0939894 0.4187504 0.2711012 0.3965130 0.5592313 0.5592313 0.5083848 0.5083848 0.5761801 0.4955935 0.5253336 0.3674723 0.3674723 0.5253336 0.3507878 0.3620336 0.5931289 0.5761801 0.5761801 0.5613119 0.3568593 0.7343911 0.6694934 0.6412905 0.6014434 0.8275054 0.6551084 0.6129019 0.6332710 0.8619848 0.4090660 0.6378687 0.6580479 0.6922333 0.6922333 0.9129532 0.9129532 0.6056901 0.9999109
gi|5542098 0.1764367 0.0924099 0.0083830 0.0083830 0.1092152 0.0924099 0.0847374 0.1596314 0.0939894 0.0000000 0.1596314 0.0083830 0.1092152 0.1110821 0.1932421 0.2940744 0.1794528 0.0083830 0.1864222 0.3728444 0.1932421 0.3503796 0.5125442 0.5125442 0.4621281 0.4621281 0.5293496 0.4481864 0.4789335 0.2881070 0.2881070 0.4789335 0.2694005 0.2820089 0.5461550 0.5293496 0.5293496 0.5129014 0.2688437 0.6489400 0.7585266 0.5853209 0.5458359 0.7776967 0.6067699 0.6164518 0.6366341 0.8118821 0.5230394 0.5554918 0.6101090 0.6778988 0.6778988 0.8619733 0.8619733 0.6098380 0.9999101
gi|5027183 0.1999799 0.1166549 0.1666499 0.1666499 0.1166549 0.1666499 0.1092152 0.0333300 0.1185617 0.1596314 0.0000000 0.1666499 0.0833249 0.1863570 0.1166549 0.2499748 0.2033059 0.1666499 0.2100475 0.4789335 0.2999698 0.3558453 0.5166146 0.5166146 0.4666197 0.4666197 0.5332796 0.4528466 0.4832846 0.4285173 0.4285173 0.4832846 0.4135583 0.4236406 0.5499446 0.5332796 0.5332796 0.5170308 0.4238981 0.7911176 0.7776605 0.5890371 0.5499061 0.7795660 0.6609242 0.6199222 0.6399217 0.8134637 0.5489651 0.6609242 0.6637926 0.7142087 0.7142087 0.8802333 0.8802333 0.6138842 0.9999093
gi|1009083 0.1666499 0.0833249 0.0000000 0.0000000 0.1166549 0.0833249 0.0924099 0.1666499 0.1016129 0.0083830 0.1666499 0.0000000 0.1166549 0.1185617 0.1999799 0.2999698 0.1863570 0.0000000 0.1932421 0.3781012 0.1999799 0.3558453 0.5166146 0.5166146 0.4666197 0.4666197 0.5332796 0.4528466 0.4832846 0.2940744 0.2940744 0.4832846 0.2755950 0.2880500 0.5499446 0.5332796 0.5332796 0.5170308 0.2752503 0.6519273 0.7605650 0.5890371 0.5499061 0.7795660 0.6100778 0.6199222 0.6399217 0.8134637 0.5274912 0.5592313 0.6133764 0.6805979 0.6805979 0.8631378 0.8631378 0.6138842 0.9999093
gi|5021144 0.2499748 0.1666499 0.1166549 0.1166549 0.1666499 0.1666499 0.1596314 0.1166549 0.1694082 0.1092152 0.0833249 0.1166549 0.0000000 0.1863570 0.0833249 0.2499748 0.2541524 0.1166549 0.2604636 0.4621281 0.2499748 0.2711012 0.4332897 0.4332897 0.3832947 0.3832947 0.4499547 0.3673693 0.3999597 0.3781012 0.3781012 0.3999597 0.3618221 0.3727942 0.4666197 0.4499547 0.4499547 0.4308037 0.3681552 0.7389213 0.8289469 0.4912096 0.4520786 0.6948219 0.6100778 0.6199222 0.6399217 0.7287196 0.6133871 0.6100778 0.6133764 0.7142087 0.7142087 0.7947560 0.7947560 0.6138842 0.9999093
gi|1147936 0.1694082 0.1016129 0.1185617 0.1185617 0.1185617 0.1185617 0.0939894 0.1863570 0.0861985 0.1110821 0.1863570 0.1185617 0.1863570 0.0000000 0.2033059 0.3219477 0.1723970 0.1185617 0.1794528 0.4187504 0.2880500 0.4137527 0.5761801 0.5761801 0.5253336 0.5253336 0.5931289 0.5129835 0.5422824 0.3845650 0.3845650 0.5422824 0.3683315 0.3792733 0.6100778 0.5931289 0.5931289 0.5788556 0.3757726 0.7520920 0.7390533 0.6612140 0.6213669 0.8275054 0.6723481 0.6129019 0.6332710 0.8619848 0.5184835 0.6551084 0.6751406 0.6922333 0.6922333 0.9129532 0.9129532 0.6056901 0.9999109
gi|5053946 0.2833048 0.1999799 0.1999799 0.1999799 0.1999799 0.1999799 0.1932421 0.1499849 0.2033059 0.1932421 0.1166549 0.1999799 0.0833249 0.2033059 0.0000000 0.2833048 0.2880500 0.1999799 0.2940744 0.4789335 0.3332998 0.3558453 0.5166146 0.5166146 0.4666197 0.4666197 0.5332796 0.4528466 0.4832846 0.4621281 0.4621281 0.4832846 0.4480492 0.4575383 0.5499446 0.5332796 0.5332796 0.5170308 0.4610601 0.8259152 0.8289469 0.5890371 0.5499061 0.7456684 0.6948219 0.6199222 0.6399217 0.7795660 0.6563351 0.6948219 0.6974033 0.7142087 0.7142087 0.8460424 0.8460424 0.6138842 0.9999093
gi|1062516 0.3499647 0.2999698 0.2999698 0.2999698 0.2999698 0.2499748 0.2940744 0.2499748 0.3049988 0.2940744 0.2499748 0.2999698 0.2499748 0.3219477 0.2833048 0.0000000 0.3897430 0.2999698 0.3444905 0.4621281 0.4666197 0.3897430 0.4832846 0.4332897 0.4499547 0.4499547 0.5166146 0.4357511 0.4666197 0.4453227 0.4453227 0.4666197 0.4480492 0.4575383 0.5332796 0.5166146 0.5166146 0.5170308 0.4796411 0.8085164 0.8802333 0.5499061 0.5890371 0.7287196 0.6609242 0.5599234 0.6399217 0.7626172 0.6778091 0.6948219 0.6637926 0.7310141 0.7310141 0.8289469 0.8631378 0.6138842 0.9999093
gi|1578301 0.1694082 0.1016129 0.1863570 0.1863570 0.1185617 0.1863570 0.0939894 0.2033059 0.0861985 0.1794528 0.2033059 0.1863570 0.2541524 0.1723970 0.2880500 0.3897430 0.0000000 0.1863570 0.1794528 0.4871211 0.3388965 0.4827115 0.5761801 0.5592313 0.5253336 0.5253336 0.5931289 0.5129835 0.5422824 0.4358430 0.4358430 0.5422824 0.4209625 0.4309924 0.6100778 0.5931289 0.5931289 0.5788556 0.4325124 0.7520920 0.6694934 0.6612140 0.6213669 0.8275054 0.6723481 0.6332710 0.6536401 0.8619848 0.5184835 0.6551084 0.6751406 0.7093260 0.7093260 0.9129532 0.9129532 0.6056901 0.9999109
gi|1130619 0.1666499 0.0833249 0.0000000 0.0000000 0.1166549 0.0833249 0.0924099 0.1666499 0.1016129 0.0083830 0.1666499 0.0000000 0.1166549 0.1185617 0.1999799 0.2999698 0.1863570 0.0000000 0.1932421 0.3781012 0.1999799 0.3558453 0.5166146 0.5166146 0.4666197 0.4666197 0.5332796 0.4528466 0.4832846 0.2940744 0.2940744 0.4832846 0.2755950 0.2880500 0.5499446 0.5332796 0.5332796 0.5170308 0.2752503 0.6519273 0.7605650 0.5890371 0.5499061 0.7795660 0.6100778 0.6199222 0.6399217 0.8134637 0.5274912 0.5592313 0.6133764 0.6805979 0.6805979 0.8631378 0.8631378 0.6138842 0.9999093
gi|1094959 0.1092152 0.1092152 0.1932421 0.1932421 0.1260206 0.1932421 0.1016848 0.2100475 0.0939894 0.1864222 0.2100475 0.1932421 0.2604636 0.1794528 0.2940744 0.3444905 0.1794528 0.1932421 0.0000000 0.4236868 0.3276851 0.4016577 0.5629603 0.5629603 0.5125442 0.5125442 0.5797657 0.4999097 0.5293496 0.3728444 0.3728444 0.5293496 0.3563651 0.3674723 0.5965711 0.5797657 0.5797657 0.5650801 0.3625701 0.7366809 0.6895621 0.6445483 0.6050634 0.8289747 0.6580479 0.6164518 0.6366341 0.8631601 0.4146575 0.6409552 0.6609514 0.6948463 0.6948463 0.9136967 0.9136967 0.6098380 0.9999101
gi|1386577 0.3781012 0.4285173 0.3781012 0.3781012 0.4285173 0.4285173 0.4236868 0.4789335 0.4187504 0.3728444 0.4789335 0.3781012 0.4621281 0.4187504 0.4789335 0.4621281 0.4871211 0.3781012 0.4236868 0.0000000 0.2604636 0.5554918 0.4789335 0.4621281 0.3444905 0.3444905 0.4117120 0.3447396 0.3612958 0.2203171 0.3220020 0.3612958 0.2172218 0.2307309 0.4285173 0.4117120 0.4117120 0.4781156 0.2500984 0.6138436 0.8274911 0.5458359 0.4866084 0.7264186 0.5554918 0.5155405 0.6164518 0.7606040 0.6747740 0.5042138 0.5592665 0.5423191 0.5423191 0.7757677 0.8619733 0.6098380 0.9999101
gi|4992873 0.3166348 0.2833048 0.1999799 0.1999799 0.2833048 0.2833048 0.2772690 0.3332998 0.2711012 0.1932421 0.2999698 0.1999799 0.2499748 0.2880500 0.3332998 0.4666197 0.3388965 0.1999799 0.3276851 0.2604636 0.0000000 0.4744871 0.3999597 0.4499547 0.3499647 0.3499647 0.4166247 0.3331783 0.3666297 0.1764367 0.2772690 0.3666297 0.1548772 0.1694082 0.4332897 0.4166247 0.4166247 0.3963129 0.1451834 0.5301358 0.7776605 0.4520786 0.4129476 0.7626172 0.4914360 0.5999226 0.6199222 0.7965149 0.5919131 0.4405895 0.4957388 0.5629603 0.5629603 0.8118514 0.8460424 0.6138842 0.9999093
gi|9391519 0.4066918 0.4066918 0.3558453 0.3558453 0.4066918 0.4066918 0.4016577 0.3558453 0.3965130 0.3503796 0.3558453 0.3558453 0.2711012 0.4137527 0.3558453 0.3897430 0.4827115 0.3558453 0.4016577 0.5554918 0.4744871 0.0000000 0.5083848 0.5253336 0.4744871 0.4744871 0.4744871 0.4608136 0.4744871 0.4700284 0.4700284 0.4744871 0.4560499 0.4654718 0.4914360 0.4744871 0.4744871 0.5086809 0.4703389 0.6812884 0.8955632 0.5815199 0.5416728 0.7240672 0.5344306 0.7351167 0.7351167 0.7585466 0.6497845 0.5171909 0.5383991 0.6409552 0.6409552 0.8086133 0.8086133 0.6338503 0.9999109
gi|4995965 0.5666096 0.5666096 0.5166146 0.5166146 0.5666096 0.5666096 0.5629603 0.5166146 0.5592313 0.5125442 0.5166146 0.5166146 0.4332897 0.5761801 0.5166146 0.4832846 0.5761801 0.5166146 0.5629603 0.4789335 0.3999597 0.5083848 0.0000000 0.1666499 0.1833149 0.1833149 0.2666398 0.1622237 0.2666398 0.3949066 0.4957388 0.2666398 0.3790675 0.3897430 0.2666398 0.3166348 0.3166348 0.0686501 0.3867362 0.5997309 0.8973288 0.1585962 0.2564237 0.6778731 0.4405895 0.4599256 0.3399281 0.7117707 0.8281270 0.4405895 0.4453227 0.5461550 0.5461550 0.7092786 0.7776605 0.6414591 0.9999093
gi|5660469 0.5666096 0.5666096 0.5166146 0.5166146 0.5666096 0.5666096 0.5629603 0.5166146 0.5592313 0.5125442 0.5166146 0.5166146 0.4332897 0.5761801 0.5166146 0.4332897 0.5592313 0.5166146 0.5629603 0.4621281 0.4499547 0.5253336 0.1666499 0.0000000 0.1833149 0.1833149 0.2666398 0.1622237 0.2666398 0.4285173 0.4789335 0.2666398 0.4308037 0.4405895 0.2666398 0.3166348 0.3166348 0.2411042 0.4610601 0.6867249 0.8802333 0.2564237 0.3542511 0.6100778 0.4914360 0.4199264 0.4999247 0.6439754 0.8496010 0.5253336 0.4957388 0.6133764 0.6133764 0.6408968 0.7434696 0.6138842 0.9999093
gi|7353547 0.5166146 0.5166146 0.4666197 0.4666197 0.5166146 0.5166146 0.5125442 0.4666197 0.5083848 0.4621281 0.4666197 0.4666197 0.3832947 0.5253336 0.4666197 0.4499547 0.5253336 0.4666197 0.5125442 0.3444905 0.3499647 0.4744871 0.1833149 0.1833149 0.0000000 0.0000000 0.0833249 0.0254599 0.0833249 0.3108797 0.4117120 0.0833249 0.3100859 0.3219477 0.0833249 0.1333199 0.1333199 0.1721226 0.3495742 0.5823322 0.8802333 0.2564237 0.1585962 0.5931289 0.3897430 0.3399281 0.4599256 0.6270266 0.7851790 0.3897430 0.3949066 0.5125442 0.5125442 0.6067058 0.7263741 0.6138842 0.9999093
gi|4995962 0.5166146 0.5166146 0.4666197 0.4666197 0.5166146 0.5166146 0.5125442 0.4666197 0.5083848 0.4621281 0.4666197 0.4666197 0.3832947 0.5253336 0.4666197 0.4499547 0.5253336 0.4666197 0.5125442 0.3444905 0.3499647 0.4744871 0.1833149 0.1833149 0.0000000 0.0000000 0.0833249 0.0254599 0.0833249 0.3108797 0.4117120 0.0833249 0.3100859 0.3219477 0.0833249 0.1333199 0.1333199 0.1721226 0.3495742 0.5823322 0.8802333 0.2564237 0.1585962 0.5931289 0.3897430 0.3399281 0.4599256 0.6270266 0.7851790 0.3897430 0.3949066 0.5125442 0.5125442 0.6067058 0.7263741 0.6138842 0.9999093
gi|6168025 0.5832746 0.5832746 0.5332796 0.5332796 0.5832746 0.5832746 0.5797657 0.5332796 0.5761801 0.5293496 0.5332796 0.5332796 0.4499547 0.5931289 0.5332796 0.5166146 0.5931289 0.5332796 0.5797657 0.4117120 0.4166247 0.4744871 0.2666398 0.2666398 0.0833249 0.0833249 0.0000000 0.1109373 0.1333199 0.3781012 0.4789335 0.1333199 0.3790675 0.3897430 0.1166549 0.1333199 0.0833249 0.2583496 0.4238981 0.5823322 0.8802333 0.3542511 0.2564237 0.5931289 0.4066918 0.4399260 0.5599234 0.6270266 0.8066530 0.4066918 0.4117120 0.5293496 0.5293496 0.6067058 0.7263741 0.6138842 0.9999093
gi|1578337 0.5041330 0.5041330 0.4528466 0.4528466 0.5041330 0.5041330 0.4999097 0.4528466 0.4955935 0.4481864 0.4528466 0.4528466 0.3673693 0.5129835 0.4528466 0.4357511 0.5129835 0.4528466 0.4999097 0.3447396 0.3331783 0.4608136 0.1622237 0.1622237 0.0254599 0.0254599 0.1109373 0.0000000 0.1109373 0.3102574 0.4137041 0.1109373 0.3096899 0.3216937 0.1109373 0.1622237 0.1622237 0.1504096 0.3319331 0.5713364 0.8771087 0.2357819 0.1955644 0.5825435 0.3738636 0.3214238 0.4447861 0.6173234 0.7789658 0.3912536 0.3792219 0.4999097 0.4999097 0.5964339 0.7192291 0.6014363 0.9999117
gi|6168024 0.5332796 0.5332796 0.4832846 0.4832846 0.5332796 0.5332796 0.5293496 0.4832846 0.5253336 0.4789335 0.4832846 0.4832846 0.3999597 0.5422824 0.4832846 0.4666197 0.5422824 0.4832846 0.5293496 0.3612958 0.3666297 0.4744871 0.2666398 0.2666398 0.0833249 0.0833249 0.1333199 0.1109373 0.0000000 0.3276851 0.4285173 0.0833249 0.3273313 0.3388965 0.1666499 0.0833249 0.1333199 0.2583496 0.3681552 0.5997309 0.8802333 0.3542511 0.2564237 0.5931289 0.4575383 0.4399260 0.5599234 0.6270266 0.8066530 0.4575383 0.4621281 0.5797657 0.5797657 0.6067058 0.7263741 0.6138842 0.9999093
gi|5035429 0.3781012 0.3781012 0.2940744 0.2940744 0.3781012 0.3781012 0.3728444 0.4285173 0.3674723 0.2881070 0.4285173 0.2940744 0.3781012 0.3845650 0.4621281 0.4453227 0.4358430 0.2940744 0.3728444 0.2203171 0.1764367 0.4700284 0.3949066 0.4285173 0.3108797 0.3108797 0.3781012 0.3102574 0.3276851 0.0000000 0.1016848 0.3276851 0.0780784 0.0939894 0.3949066 0.3781012 0.3781012 0.3911510 0.1563721 0.5261026 0.8274911 0.4471234 0.3878959 0.7435113 0.3845650 0.5760873 0.6164518 0.7776967 0.6097449 0.3674723 0.3897918 0.5592665 0.5592665 0.7930089 0.8274911 0.6098380 0.9999101
gi|1386580 0.3781012 0.3781012 0.2940744 0.2940744 0.3781012 0.3781012 0.3728444 0.4285173 0.3674723 0.2881070 0.4285173 0.2940744 0.3781012 0.3845650 0.4621281 0.4453227 0.4358430 0.2940744 0.3728444 0.3220020 0.2772690 0.4700284 0.4957388 0.4789335 0.4117120 0.4117120 0.4789335 0.4137041 0.4285173 0.1016848 0.0000000 0.4285173 0.1824359 0.1965455 0.4957388 0.4789335 0.4789335 0.4955085 0.2688437 0.6313918 0.8274911 0.5655784 0.5063509 0.7606040 0.4871211 0.5962696 0.6366341 0.7947894 0.6097449 0.4700284 0.4914767 0.6609514 0.6609514 0.8447322 0.8447322 0.6098380 0.9999101
gi|6168025 0.5332796 0.5332796 0.4832846 0.4832846 0.5332796 0.5332796 0.5293496 0.4832846 0.5253336 0.4789335 0.4832846 0.4832846 0.3999597 0.5422824 0.4832846 0.4666197 0.5422824 0.4832846 0.5293496 0.3612958 0.3666297 0.4744871 0.2666398 0.2666398 0.0833249 0.0833249 0.1333199 0.1109373 0.0833249 0.3276851 0.4285173 0.0000000 0.3273313 0.3388965 0.1666499 0.1333199 0.0833249 0.2583496 0.3681552 0.5997309 0.8802333 0.3542511 0.2564237 0.5931289 0.4575383 0.4399260 0.5599234 0.6270266 0.8066530 0.4575383 0.4621281 0.5797657 0.5797657 0.6067058 0.7263741 0.6138842 0.9999093
gi|5035416 0.3618221 0.3618221 0.2755950 0.2755950 0.3618221 0.3618221 0.3563651 0.4135583 0.3507878 0.2694005 0.4135583 0.2755950 0.3618221 0.3683315 0.4480492 0.4480492 0.4209625 0.2755950 0.3563651 0.2172218 0.1548772 0.4560499 0.3790675 0.4308037 0.3100859 0.3100859 0.3790675 0.3096899 0.3273313 0.0780784 0.1824359 0.3273313 0.0000000 0.0350016 0.3963129 0.3790675 0.3790675 0.3749645 0.1331718 0.5134543 0.8229265 0.4315619 0.3706669 0.7542924 0.4735935 0.5847944 0.6055505 0.7893797 0.5982933 0.3507878 0.4781156 0.5476872 0.5476872 0.8052287 0.8406243 0.5395203 0.9999124
gi|5838482 0.3727942 0.3727942 0.2880500 0.2880500 0.3727942 0.3727942 0.3674723 0.4236406 0.3620336 0.2820089 0.4236406 0.2880500 0.3727942 0.3792733 0.4575383 0.4575383 0.4309924 0.2880500 0.3674723 0.2307309 0.1694082 0.4654718 0.3897430 0.4405895 0.3219477 0.3219477 0.3897430 0.3216937 0.3388965 0.0939894 0.1965455 0.3388965 0.0350016 0.0000000 0.4066918 0.3897430 0.3897430 0.3858751 0.1488135 0.5219802 0.8260033 0.4420551 0.3822845 0.7585466 0.4827115 0.5925327 0.6129019 0.7930260 0.6060175 0.3620336 0.4871211 0.5554918 0.5554918 0.8086133 0.8433932 0.5493696 0.9999109
gi|6168045 0.5999396 0.5999396 0.5499446 0.5499446 0.5999396 0.5999396 0.5965711 0.5499446 0.5931289 0.5461550 0.5499446 0.5499446 0.4666197 0.6100778 0.5499446 0.5332796 0.6100778 0.5499446 0.5965711 0.4285173 0.4332897 0.4914360 0.2666398 0.2666398 0.0833249 0.0833249 0.1166549 0.1109373 0.1666499 0.3949066 0.4957388 0.1666499 0.3963129 0.4066918 0.0000000 0.1666499 0.1666499 0.2583496 0.4424791 0.5997309 0.8802333 0.3542511 0.2564237 0.6270266 0.3897430 0.4199264 0.5399239 0.6609242 0.7851790 0.3897430 0.3949066 0.5125442 0.5125442 0.6067058 0.7263741 0.6138842 0.9999093
gi|6168024 0.5832746 0.5832746 0.5332796 0.5332796 0.5832746 0.5832746 0.5797657 0.5332796 0.5761801 0.5293496 0.5332796 0.5332796 0.4499547 0.5931289 0.5332796 0.5166146 0.5931289 0.5332796 0.5797657 0.4117120 0.4166247 0.4744871 0.3166348 0.3166348 0.1333199 0.1333199 0.1333199 0.1622237 0.0833249 0.3781012 0.4789335 0.1333199 0.3790675 0.3897430 0.1666499 0.0000000 0.1333199 0.3100859 0.4238981 0.5997309 0.8802333 0.4129476 0.3151202 0.5931289 0.4575383 0.4999247 0.6199222 0.6270266 0.8066530 0.4575383 0.4621281 0.5797657 0.5797657 0.6067058 0.7263741 0.6138842 0.9999093
gi|6168046 0.5832746 0.5832746 0.5332796 0.5332796 0.5832746 0.5832746 0.5797657 0.5332796 0.5761801 0.5293496 0.5332796 0.5332796 0.4499547 0.5931289 0.5332796 0.5166146 0.5931289 0.5332796 0.5797657 0.4117120 0.4166247 0.4744871 0.3166348 0.3166348 0.1333199 0.1333199 0.0833249 0.1622237 0.1333199 0.3781012 0.4789335 0.0833249 0.3790675 0.3897430 0.1666499 0.1333199 0.0000000 0.3100859 0.4238981 0.5997309 0.8802333 0.4129476 0.3151202 0.5931289 0.4575383 0.4999247 0.6199222 0.6270266 0.8066530 0.4575383 0.4621281 0.5797657 0.5797657 0.6067058 0.7263741 0.6138842 0.9999093
gi|1011529 0.5687670 0.5687670 0.5170308 0.5170308 0.5687670 0.5687670 0.5650801 0.5170308 0.5613119 0.5129014 0.5170308 0.5170308 0.4308037 0.5788556 0.5170308 0.5170308 0.5788556 0.5170308 0.5650801 0.4781156 0.3963129 0.5086809 0.0686501 0.2411042 0.1721226 0.1721226 0.2583496 0.1504096 0.2583496 0.3911510 0.4955085 0.2583496 0.3749645 0.3858751 0.2583496 0.3100859 0.3100859 0.0000000 0.3835633 0.6035380 0.8937178 0.2488768 0.2488768 0.6665740 0.4385062 0.4395014 0.3149646 0.7016614 0.8437331 0.4385062 0.4433297 0.5476872 0.5476872 0.6990418 0.7698331 0.6258481 0.9999124
gi|5035417 0.3681552 0.3681552 0.2752503 0.2752503 0.3309932 0.3681552 0.3625701 0.3867362 0.3568593 0.2688437 0.4238981 0.2752503 0.3681552 0.3757726 0.4610601 0.4796411 0.4325124 0.2752503 0.3625701 0.2500984 0.1451834 0.4703389 0.3867362 0.4610601 0.3495742 0.3495742 0.4238981 0.3319331 0.3681552 0.1563721 0.2688437 0.3681552 0.1331718 0.1488135 0.4424791 0.4238981 0.4238981 0.3835633 0.0000000 0.4750100 0.8854004 0.3840667 0.3400771 0.8107775 0.5081654 0.6397784 0.6397784 0.8296908 0.5389557 0.4325124 0.5125322 0.5875133 0.5875133 0.8663153 0.9044855 0.6839549 0.9999187
gi|1002166 0.7389213 0.7389213 0.6519273 0.6519273 0.7389213 0.7389213 0.7366809 0.7911176 0.7343911 0.6489400 0.7911176 0.6519273 0.7389213 0.7520920 0.8259152 0.8085164 0.7520920 0.6519273 0.7366809 0.6138436 0.5301358 0.6812884 0.5997309 0.6867249 0.5823322 0.5823322 0.5823322 0.5713364 0.5997309 0.5261026 0.6313918 0.5997309 0.5134543 0.5219802 0.5997309 0.5997309 0.5997309 0.6035380 0.4750100 0.0000000 0.9463343 0.5285899 0.5080974 0.8582974 0.5573820 0.8741783 0.8741783 0.8582974 0.7520357 0.5219802 0.5611990 0.6313918 0.6313918 0.8927632 0.9284773 0.9126482 0.9999132
gi|1227483 0.6750877 0.6750877 0.7605650 0.7605650 0.6921832 0.7605650 0.6723210 0.7776605 0.6694934 0.7585266 0.7776605 0.7605650 0.8289469 0.7390533 0.8289469 0.8802333 0.6694934 0.7605650 0.6895621 0.8274911 0.7776605 0.8955632 0.8973288 0.8802333 0.8802333 0.8802333 0.8802333 0.8771087 0.8802333 0.8274911 0.8274911 0.8802333 0.8229265 0.8260033 0.8802333 0.8802333 0.8802333 0.8937178 0.8854004 0.9463343 0.0000000 0.9999148 0.9999148 0.9129532 0.8781732 0.8559937 0.8765541 0.9477332 0.8010613 0.8781732 0.8792145 0.8619733 0.8619733 0.9121930 0.9121930 0.8006853 0.9999117
gi|1011534 0.6477336 0.6477336 0.5890371 0.5890371 0.6477336 0.6477336 0.6445483 0.5890371 0.6412905 0.5853209 0.5890371 0.5890371 0.4912096 0.6612140 0.5890371 0.5499061 0.6612140 0.5890371 0.6445483 0.5458359 0.4520786 0.5815199 0.1585962 0.2564237 0.2564237 0.2564237 0.3542511 0.2357819 0.3542511 0.4471234 0.5655784 0.3542511 0.4315619 0.4420551 0.3542511 0.4129476 0.4129476 0.2488768 0.3840667 0.5285899 0.9999148 0.0000000 0.1162704 0.7209846 0.5018257 0.6189424 0.6189424 0.7209846 0.7942129 0.5018257 0.5063509 0.6248059 0.6248059 0.7988272 0.8390447 0.8312879 0.9999226
gi|1011526 0.6086026 0.6086026 0.5499061 0.5499061 0.6086026 0.6086026 0.6050634 0.5499061 0.6014434 0.5458359 0.5499061 0.5499061 0.4520786 0.6213669 0.5499061 0.5890371 0.6213669 0.5499061 0.6050634 0.4866084 0.4129476 0.5416728 0.2564237 0.3542511 0.1585962 0.1585962 0.2564237 0.1955644 0.2564237 0.3878959 0.5063509 0.2564237 0.3706669 0.3822845 0.2564237 0.3151202 0.3151202 0.2488768 0.3400771 0.5080974 0.9999148 0.1162704 0.0000000 0.7209846 0.4819022 0.6189424 0.6189424 0.7209846 0.7427831 0.4420551 0.4866084 0.6050634 0.6050634 0.7988272 0.8390447 0.8312879 0.9999226
gi|6366656 0.8304125 0.8304125 0.7795660 0.7795660 0.8304125 0.8304125 0.8289747 0.7795660 0.8275054 0.7776967 0.7795660 0.7795660 0.6948219 0.8275054 0.7456684 0.7287196 0.8275054 0.7795660 0.8289747 0.7264186 0.7626172 0.7240672 0.6778731 0.6100778 0.5931289 0.5931289 0.5931289 0.5825435 0.5931289 0.7435113 0.7606040 0.5931289 0.7542924 0.7585466 0.6270266 0.5931289 0.5931289 0.6665740 0.8107775 0.8582974 0.9129532 0.7209846 0.7209846 0.0000000 0.8102657 0.5925327 0.6943784 0.4999512 0.9561534 0.8447451 0.8118821 0.8802528 0.8802528 0.7042734 0.7738333 0.8309721 0.9999109
gi|1188287 0.6609242 0.6609242 0.6100778 0.6100778 0.6609242 0.6609242 0.6580479 0.6609242 0.6551084 0.6067699 0.6609242 0.6100778 0.6100778 0.6723481 0.6948219 0.6609242 0.6723481 0.6100778 0.6580479 0.5554918 0.4914360 0.5344306 0.4405895 0.4914360 0.3897430 0.3897430 0.4066918 0.3738636 0.4575383 0.3845650 0.4871211 0.4575383 0.4735935 0.4827115 0.3897430 0.4575383 0.4575383 0.4385062 0.5081654 0.5573820 0.8781732 0.5018257 0.4819022 0.8102657 0.0000000 0.5721636 0.6129019 0.8447451 0.8686194 0.2758351 0.0598040 0.3503796 0.3503796 0.7912233 0.8260033 0.6056901 0.9999109
gi|1011526 0.6199222 0.6199222 0.6199222 0.6199222 0.6199222 0.6199222 0.6164518 0.6199222 0.6129019 0.6164518 0.6199222 0.6199222 0.6199222 0.6129019 0.6199222 0.5599234 0.6332710 0.6199222 0.6164518 0.5155405 0.5999226 0.7351167 0.4599256 0.4199264 0.3399281 0.3399281 0.4399260 0.3214238 0.4399260 0.5760873 0.5962696 0.4399260 0.5847944 0.5925327 0.4199264 0.4999247 0.4999247 0.4395014 0.6397784 0.8741783 0.8559937 0.6189424 0.6189424 0.5925327 0.5721636 0.0000000 0.1463311 0.6332710 0.9472139 0.6129019 0.5760873 0.5962696 0.5962696 0.7326315 0.8354334 0.5490321 0.9999242
gi|1011534 0.6399217 0.6399217 0.6399217 0.6399217 0.6399217 0.6399217 0.6366341 0.6399217 0.6332710 0.6366341 0.6399217 0.6399217 0.6399217 0.6332710 0.6399217 0.6399217 0.6536401 0.6399217 0.6366341 0.6164518 0.6199222 0.7351167 0.3399281 0.4999247 0.4599256 0.4599256 0.5599234 0.4447861 0.5599234 0.6164518 0.6366341 0.5599234 0.6055505 0.6129019 0.5399239 0.6199222 0.6199222 0.3149646 0.6397784 0.8741783 0.8765541 0.6189424 0.6189424 0.6943784 0.6129019 0.1463311 0.0000000 0.7351167 0.9472139 0.6129019 0.6164518 0.6164518 0.6164518 0.8559937 0.8971145 0.5837178 0.9999242
gi|6366656 0.8643102 0.8643102 0.8134637 0.8134637 0.8643102 0.8643102 0.8631601 0.8134637 0.8619848 0.8118821 0.8134637 0.8134637 0.7287196 0.8619848 0.7795660 0.7626172 0.8619848 0.8134637 0.8631601 0.7606040 0.7965149 0.7585466 0.7117707 0.6439754 0.6270266 0.6270266 0.6270266 0.6173234 0.6270266 0.7776967 0.7947894 0.6270266 0.7893797 0.7930260 0.6609242 0.6270266 0.6270266 0.7016614 0.8296908 0.8582974 0.9477332 0.7209846 0.7209846 0.4999512 0.8447451 0.6332710 0.7351167 0.0000000 0.9561534 0.8792245 0.8460674 0.9144382 0.9144382 0.7390533 0.8086133 0.8872926 0.9999109
gi|913749| 0.4201212 0.4201212 0.5274912 0.5274912 0.4415952 0.5274912 0.4146575 0.5489651 0.4090660 0.5230394 0.5489651 0.5274912 0.6133871 0.5184835 0.6563351 0.6778091 0.5184835 0.5274912 0.4146575 0.6747740 0.5919131 0.6497845 0.8281270 0.8496010 0.7851790 0.7851790 0.8066530 0.7789658 0.8066530 0.6097449 0.6097449 0.8066530 0.5982933 0.6060175 0.7851790 0.8066530 0.8066530 0.8437331 0.5389557 0.7520357 0.8010613 0.7942129 0.7427831 0.9561534 0.8686194 0.9472139 0.9472139 0.9561534 0.0000000 0.8248524 0.8698614 0.9132142 0.9132142 0.9999212 0.9999212 0.9999517 0.9999290
gi|8511881 0.6439754 0.6439754 0.5592313 0.5592313 0.6439754 0.6439754 0.6409552 0.6609242 0.6378687 0.5554918 0.6609242 0.5592313 0.6100778 0.6551084 0.6948219 0.6948219 0.6551084 0.5592313 0.6409552 0.5042138 0.4405895 0.5171909 0.4405895 0.5253336 0.3897430 0.3897430 0.4066918 0.3912536 0.4575383 0.3674723 0.4700284 0.4575383 0.3507878 0.3620336 0.3897430 0.4575383 0.4575383 0.4385062 0.4325124 0.5219802 0.8781732 0.5018257 0.4420551 0.8447451 0.2758351 0.6129019 0.6129019 0.8792245 0.8248524 0.0000000 0.2820089 0.3161943 0.3161943 0.8260033 0.8607832 0.6338503 0.9999109
gi|1188286 0.6637926 0.6637926 0.6133764 0.6133764 0.6637926 0.6637926 0.6609514 0.6637926 0.6580479 0.6101090 0.6637926 0.6133764 0.6133764 0.6751406 0.6974033 0.6637926 0.6751406 0.6133764 0.6609514 0.5592665 0.4957388 0.5383991 0.4453227 0.4957388 0.3949066 0.3949066 0.4117120 0.3792219 0.4621281 0.3897918 0.4914767 0.4621281 0.4781156 0.4871211 0.3949066 0.4621281 0.4621281 0.4433297 0.5125322 0.5611990 0.8792145 0.5063509 0.4866084 0.8118821 0.0598040 0.5760873 0.6164518 0.8460674 0.8698614 0.2820089 0.0000000 0.2881070 0.2881070 0.7930089 0.8274911 0.6098380 0.9999101
gi|4963623 0.6974033 0.6974033 0.6805979 0.6805979 0.6974033 0.6974033 0.6948463 0.7142087 0.6922333 0.6778988 0.7142087 0.6805979 0.7142087 0.6922333 0.7142087 0.7310141 0.7093260 0.6805979 0.6948463 0.5423191 0.5629603 0.6409552 0.5461550 0.6133764 0.5125442 0.5125442 0.5293496 0.4999097 0.5797657 0.5592665 0.6609514 0.5797657 0.5476872 0.5554918 0.5125442 0.5797657 0.5797657 0.5476872 0.5875133 0.6313918 0.8619733 0.6248059 0.6050634 0.8802528 0.3503796 0.5962696 0.6164518 0.9144382 0.9132142 0.3161943 0.2881070 0.0000000 0.0847374 0.8619733 0.8964556 0.6098380 0.9999101
gi|5035033 0.6974033 0.6974033 0.6805979 0.6805979 0.6974033 0.6974033 0.6948463 0.7142087 0.6922333 0.6778988 0.7142087 0.6805979 0.7142087 0.6922333 0.7142087 0.7310141 0.7093260 0.6805979 0.6948463 0.5423191 0.5629603 0.6409552 0.5461550 0.6133764 0.5125442 0.5125442 0.5293496 0.4999097 0.5797657 0.5592665 0.6609514 0.5797657 0.5476872 0.5554918 0.5125442 0.5797657 0.5797657 0.5476872 0.5875133 0.6313918 0.8619733 0.6248059 0.6050634 0.8802528 0.3503796 0.5962696 0.6164518 0.9144382 0.9132142 0.3161943 0.2881070 0.0847374 0.0000000 0.8619733 0.8964556 0.6098380 0.9999101
gi|6366656 0.9144242 0.9144242 0.8631378 0.8631378 0.9144242 0.9144242 0.9136967 0.8802333 0.9129532 0.8619733 0.8802333 0.8631378 0.7947560 0.9129532 0.8460424 0.8289469 0.9129532 0.8631378 0.9136967 0.7757677 0.8118514 0.8086133 0.7092786 0.6408968 0.6067058 0.6067058 0.6067058 0.5964339 0.6067058 0.7930089 0.8447322 0.6067058 0.8052287 0.8086133 0.6067058 0.6067058 0.6067058 0.6990418 0.8663153 0.8927632 0.9121930 0.7988272 0.7988272 0.7042734 0.7912233 0.7326315 0.8559937 0.7390533 0.9999212 0.8260033 0.7930089 0.8619733 0.8619733 0.0000000 0.7016869 0.8576136 0.9999117
gi|3399611 0.9144242 0.9144242 0.8631378 0.8631378 0.9144242 0.9144242 0.9136967 0.8802333 0.9129532 0.8619733 0.8802333 0.8631378 0.7947560 0.9129532 0.8460424 0.8631378 0.9129532 0.8631378 0.9136967 0.8619733 0.8460424 0.8086133 0.7776605 0.7434696 0.7263741 0.7263741 0.7263741 0.7192291 0.7263741 0.8274911 0.8447322 0.7263741 0.8406243 0.8433932 0.7263741 0.7263741 0.7263741 0.7698331 0.9044855 0.9284773 0.9121930 0.8390447 0.8390447 0.7738333 0.8260033 0.8354334 0.8971145 0.8086133 0.9999212 0.8607832 0.8274911 0.8964556 0.8964556 0.7016869 0.0000000 0.8576136 0.9999117
gi|5838477 0.6138842 0.6138842 0.6138842 0.6138842 0.6138842 0.6138842 0.6098380 0.6138842 0.6056901 0.6098380 0.6138842 0.6138842 0.6138842 0.6056901 0.6138842 0.6138842 0.6056901 0.6138842 0.6098380 0.6098380 0.6138842 0.6338503 0.6414591 0.6138842 0.6138842 0.6138842 0.6138842 0.6014363 0.6138842 0.6098380 0.6098380 0.6138842 0.5395203 0.5493696 0.6138842 0.6138842 0.6138842 0.6258481 0.6839549 0.9126482 0.8006853 0.8312879 0.8312879 0.8309721 0.6056901 0.5490321 0.5837178 0.8872926 0.9999517 0.6338503 0.6098380 0.6098380 0.6098380 0.8576136 0.8576136 0.0000000 0.9999422
gi|1062630 0.9999093 0.9999093 0.9999093 0.9999093 0.9999093 0.9999093 0.9999101 0.9999093 0.9999109 0.9999101 0.9999093 0.9999093 0.9999093 0.9999109 0.9999093 0.9999093 0.9999109 0.9999093 0.9999101 0.9999101 0.9999093 0.9999109 0.9999093 0.9999093 0.9999093 0.9999093 0.9999093 0.9999117 0.9999093 0.9999101 0.9999101 0.9999093 0.9999124 0.9999109 0.9999093 0.9999093 0.9999093 0.9999124 0.9999187 0.9999132 0.9999117 0.9999226 0.9999226 0.9999109 0.9999109 0.9999242 0.9999242 0.9999109 0.9999290 0.9999109 0.9999101 0.9999101 0.9999101 0.9999117 0.9999117 0.9999422 0.0000000
