   57
gi|1427799 0.0000000 0.0026855 0.0056152 0.0056152 0.0068359 0.0029297 0.0048117 0.0124512 0.0043940 0.0088272 0.0073242 0.0056152 0.0102539 0.0061500 0.0104980 0.0122070 0.0067353 0.0056152 0.0148741 0.0177915 0.0174566 0.0188321 0.0239522 0.0259679 0.0226452 0.0226452 0.0233696 0.0306771 0.0273851 0.0339368 0.0320670 0.0265033 0.0236384 0.0299241 0.0303140 0.0340303 0.0302510 0.0410184 0.0527216 0.0337071 0.0882418 0.0436629 0.0484183 0.0748381 0.0425383 0.0518789 0.0407089 0.0833120 0.0396147 0.0300921 0.0375951 0.0292054 0.0251244 0.0956076 0.1276910 0.1587385 0.3733315
gi|4976778 0.0026855 0.0000000 0.0014648 0.0014648 0.0021973 0.0021973 0.0014364 0.0073242 0.0018187 0.0039638 0.0026855 0.0014648 0.0041504 0.0055908 0.0053711 0.0109863 0.0061762 0.0014648 0.0159630 0.0157203 0.0135852 0.0132326 0.0230570 0.0260647 0.0207580 0.0207580 0.0229704 0.0276986 0.0254978 0.0268252 0.0259635 0.0266001 0.0199183 0.0245890 0.0309069 0.0316471 0.0318360 0.0357094 0.0518264 0.0329915 0.0844436 0.0470702 0.0491083 0.0736014 0.0336172 0.0599799 0.0473895 0.0825876 0.0395208 0.0262939 0.0299795 0.0326785 0.0301096 0.0931500 0.1200250 0.1614665 0.3552794
gi|1381585 0.0056152 0.0014648 0.0000000 0.0000000 0.0036621 0.0021973 0.0019014 0.0087891 0.0022598 0.0014526 0.0041504 0.0000000 0.0026855 0.0065359 0.0043945 0.0090332 0.0066172 0.0000000 0.0154360 0.0156573 0.0110740 0.0106495 0.0195538 0.0215694 0.0167587 0.0167587 0.0189712 0.0223600 0.0205065 0.0207138 0.0208602 0.0216088 0.0144562 0.0188577 0.0264117 0.0266557 0.0268447 0.0302473 0.0470394 0.0338670 0.0879336 0.0456266 0.0469853 0.0729931 0.0273736 0.0605126 0.0479222 0.0809546 0.0374675 0.0200503 0.0238681 0.0331195 0.0305506 0.0862489 0.1141656 0.1525500 0.3498796
gi|4976759 0.0056152 0.0014648 0.0000000 0.0000000 0.0036621 0.0021973 0.0019014 0.0087891 0.0022598 0.0014526 0.0041504 0.0000000 0.0026855 0.0065359 0.0043945 0.0090332 0.0066172 0.0000000 0.0154360 0.0156573 0.0110740 0.0106495 0.0195538 0.0215694 0.0167587 0.0167587 0.0189712 0.0223600 0.0205065 0.0207138 0.0208602 0.0216088 0.0144562 0.0188577 0.0264117 0.0266557 0.0268447 0.0302473 0.0470394 0.0338670 0.0879336 0.0456266 0.0469853 0.0729931 0.0273736 0.0605126 0.0479222 0.0809546 0.0374675 0.0200503 0.0238681 0.0331195 0.0305506 0.0862489 0.1141656 0.1525500 0.3498796
gi|5021171 0.0068359 0.0021973 0.0036621 0.0036621 0.0000000 0.0043945 0.0036879 0.0026855 0.0041263 0.0062153 0.0004883 0.0036621 0.0019531 0.0078984 0.0026855 0.0102539 0.0104998 0.0036621 0.0167264 0.0185318 0.0113724 0.0120119 0.0253086 0.0283163 0.0210254 0.0210254 0.0252220 0.0280404 0.0257652 0.0251005 0.0237347 0.0288517 0.0186976 0.0233683 0.0336545 0.0319145 0.0360717 0.0334294 0.0450910 0.0317708 0.0862967 0.0438115 0.0431321 0.0682823 0.0272735 0.0637308 0.0511404 0.0726579 0.0383001 0.0260978 0.0282548 0.0309538 0.0293929 0.0929709 0.1214084 0.1738327 0.3509950
gi|1062516 0.0029297 0.0021973 0.0021973 0.0021973 0.0043945 0.0000000 0.0031996 0.0090332 0.0031339 0.0042389 0.0053711 0.0021973 0.0053711 0.0064020 0.0056152 0.0063477 0.0069874 0.0021973 0.0127659 0.0150193 0.0098921 0.0110196 0.0198600 0.0213796 0.0180569 0.0180569 0.0192773 0.0239063 0.0218047 0.0231001 0.0217344 0.0224110 0.0150314 0.0203186 0.0267178 0.0274579 0.0266548 0.0313521 0.0421518 0.0296661 0.0914436 0.0385678 0.0412851 0.0739416 0.0298590 0.0547198 0.0421294 0.0778048 0.0346067 0.0215111 0.0267584 0.0259292 0.0218482 0.0877951 0.1172743 0.1529640 0.3584724
gi|3891959 0.0048117 0.0014364 0.0019014 0.0019014 0.0036879 0.0031996 0.0000000 0.0074197 0.0009772 0.0015117 0.0039126 0.0019014 0.0043777 0.0071175 0.0055209 0.0099348 0.0042146 0.0019014 0.0156211 0.0144387 0.0156211 0.0141992 0.0234316 0.0259511 0.0211640 0.0211640 0.0221718 0.0246422 0.0239355 0.0235355 0.0230978 0.0239355 0.0187796 0.0217922 0.0304863 0.0299824 0.0279667 0.0311825 0.0486120 0.0387967 0.0860948 0.0448891 0.0479947 0.0790989 0.0306822 0.0647624 0.0532430 0.0842307 0.0375678 0.0219927 0.0264178 0.0355972 0.0332683 0.0923010 0.1139015 0.1460758 0.3609644
gi|5043250 0.0124512 0.0073242 0.0087891 0.0087891 0.0026855 0.0090332 0.0074197 0.0000000 0.0084342 0.0099471 0.0021973 0.0087891 0.0036621 0.0147264 0.0043945 0.0095215 0.0132956 0.0087891 0.0179781 0.0248559 0.0180805 0.0158158 0.0265603 0.0305600 0.0247572 0.0247572 0.0269697 0.0288704 0.0294971 0.0289044 0.0270346 0.0310954 0.0243211 0.0287835 0.0373864 0.0351503 0.0363313 0.0274003 0.0443586 0.0439694 0.0963224 0.0430791 0.0451171 0.0747221 0.0270534 0.0658393 0.0525387 0.0755115 0.0479843 0.0284391 0.0300425 0.0387899 0.0372290 0.1021343 0.1258843 0.1649481 0.3729341
gi|1578315 0.0043940 0.0018187 0.0022598 0.0022598 0.0041263 0.0031339 0.0009772 0.0084342 0.0000000 0.0024645 0.0045830 0.0022598 0.0050241 0.0033819 0.0055832 0.0087571 0.0036420 0.0022598 0.0110716 0.0176899 0.0135261 0.0140479 0.0221819 0.0241975 0.0194348 0.0194348 0.0207352 0.0224367 0.0217105 0.0267950 0.0267950 0.0221087 0.0185626 0.0251340 0.0289277 0.0276517 0.0264325 0.0318420 0.0438082 0.0335214 0.0771058 0.0416469 0.0458545 0.0698497 0.0338812 0.0569144 0.0472336 0.0731180 0.0359636 0.0243104 0.0314776 0.0332986 0.0306972 0.0800084 0.1069170 0.1488333 0.3356190
gi|5542098 0.0088272 0.0039638 0.0014526 0.0014526 0.0062153 0.0042389 0.0015117 0.0099471 0.0024645 0.0000000 0.0064400 0.0014526 0.0039289 0.0091168 0.0055681 0.0089900 0.0057019 0.0014526 0.0161250 0.0154140 0.0141093 0.0126143 0.0209121 0.0224238 0.0181406 0.0181406 0.0191484 0.0202583 0.0199043 0.0183665 0.0189528 0.0199043 0.0142700 0.0170093 0.0269589 0.0259511 0.0239355 0.0266730 0.0447883 0.0407255 0.0906795 0.0444619 0.0468774 0.0795202 0.0253788 0.0663428 0.0548234 0.0836111 0.0365212 0.0166893 0.0212487 0.0370846 0.0347556 0.0863297 0.1089884 0.1380572 0.3565182
gi|5027183 0.0073242 0.0026855 0.0041504 0.0041504 0.0004883 0.0053711 0.0039126 0.0021973 0.0045830 0.0064400 0.0000000 0.0041504 0.0014648 0.0093632 0.0026855 0.0112305 0.0099485 0.0041504 0.0164552 0.0205007 0.0135813 0.0119647 0.0260294 0.0300291 0.0222422 0.0222422 0.0264388 0.0295052 0.0274781 0.0270694 0.0257036 0.0295724 0.0209570 0.0250893 0.0343753 0.0346194 0.0367925 0.0330404 0.0462495 0.0364684 0.0900668 0.0439176 0.0425589 0.0730771 0.0279699 0.0666161 0.0526052 0.0774526 0.0401655 0.0242327 0.0287115 0.0334267 0.0318658 0.0980816 0.1270399 0.1691835 0.3595064
gi|1009083 0.0056152 0.0014648 0.0000000 0.0000000 0.0036621 0.0021973 0.0019014 0.0087891 0.0022598 0.0014526 0.0041504 0.0000000 0.0026855 0.0065359 0.0043945 0.0090332 0.0066172 0.0000000 0.0154360 0.0156573 0.0110740 0.0106495 0.0195538 0.0215694 0.0167587 0.0167587 0.0189712 0.0223600 0.0205065 0.0207138 0.0208602 0.0216088 0.0144562 0.0188577 0.0264117 0.0266557 0.0268447 0.0302473 0.0470394 0.0338670 0.0879336 0.0456266 0.0469853 0.0729931 0.0273736 0.0605126 0.0479222 0.0809546 0.0374675 0.0200503 0.0238681 0.0331195 0.0305506 0.0862489 0.1141656 0.1525500 0.3498796
gi|5021144 0.0102539 0.0041504 0.0026855 0.0026855 0.0019531 0.0053711 0.0043777 0.0036621 0.0050241 0.0039289 0.0014648 0.0026855 0.0000000 0.0103083 0.0017090 0.0092773 0.0103896 0.0026855 0.0159281 0.0204377 0.0110702 0.0093815 0.0225261 0.0255338 0.0182429 0.0182429 0.0224395 0.0241667 0.0224868 0.0209580 0.0206003 0.0245811 0.0154948 0.0193580 0.0298800 0.0296281 0.0318011 0.0275783 0.0414624 0.0373439 0.0935568 0.0424740 0.0404360 0.0724688 0.0217264 0.0671488 0.0531379 0.0758197 0.0381123 0.0179891 0.0226002 0.0338677 0.0323068 0.0911806 0.1211806 0.1602670 0.3541066
gi|1147936 0.0061500 0.0055908 0.0065359 0.0065359 0.0078984 0.0064020 0.0071175 0.0147264 0.0033819 0.0091168 0.0093632 0.0065359 0.0103083 0.0000000 0.0103634 0.0130332 0.0085848 0.0065359 0.0120915 0.0252341 0.0130099 0.0200312 0.0267860 0.0262415 0.0209667 0.0209667 0.0238032 0.0259400 0.0232424 0.0353798 0.0353798 0.0251768 0.0207628 0.0335994 0.0309717 0.0291836 0.0310367 0.0427902 0.0470269 0.0221377 0.0686490 0.0469969 0.0512044 0.0566335 0.0418178 0.0485897 0.0433078 0.0577865 0.0385984 0.0348911 0.0421436 0.0309573 0.0278356 0.0673826 0.1034310 0.1675073 0.3040496
gi|5053946 0.0104980 0.0053711 0.0043945 0.0043945 0.0026855 0.0056152 0.0055209 0.0043945 0.0055832 0.0055681 0.0026855 0.0043945 0.0017090 0.0103634 0.0000000 0.0065918 0.0114528 0.0043945 0.0135991 0.0159565 0.0077491 0.0059084 0.0192051 0.0217167 0.0149219 0.0149219 0.0191184 0.0198535 0.0186697 0.0169809 0.0181353 0.0212600 0.0125941 0.0172648 0.0265589 0.0253149 0.0284801 0.0230886 0.0322473 0.0342880 0.0909513 0.0363493 0.0343112 0.0647403 0.0175840 0.0590477 0.0450369 0.0670666 0.0346004 0.0158959 0.0196311 0.0243462 0.0232894 0.0800966 0.1100966 0.1609357 0.3467297
gi|1062516 0.0122070 0.0109863 0.0090332 0.0090332 0.0102539 0.0063477 0.0099348 0.0095215 0.0087571 0.0089900 0.0112305 0.0090332 0.0092773 0.0130332 0.0065918 0.0000000 0.0116024 0.0090332 0.0100765 0.0201384 0.0121630 0.0131145 0.0112182 0.0122417 0.0118953 0.0118953 0.0106355 0.0115690 0.0141550 0.0211627 0.0213091 0.0137692 0.0144438 0.0222317 0.0200601 0.0183201 0.0155329 0.0148747 0.0271491 0.0401558 0.0969428 0.0272948 0.0368057 0.0599736 0.0261369 0.0380738 0.0290346 0.0612753 0.0413800 0.0229120 0.0273412 0.0280241 0.0249511 0.0723329 0.0960829 0.1376150 0.3575629
gi|1578301 0.0067353 0.0061762 0.0066172 0.0066172 0.0104998 0.0069874 0.0042146 0.0132956 0.0036420 0.0057019 0.0099485 0.0066172 0.0103896 0.0085848 0.0114528 0.0116024 0.0000000 0.0066172 0.0132849 0.0218522 0.0218838 0.0213319 0.0228591 0.0264108 0.0226721 0.0226721 0.0214124 0.0247780 0.0285321 0.0330385 0.0330385 0.0217619 0.0256879 0.0313093 0.0270447 0.0390816 0.0235255 0.0285792 0.0523165 0.0461519 0.0970304 0.0499490 0.0576628 0.0786691 0.0416430 0.0548569 0.0451761 0.0866967 0.0505050 0.0267840 0.0366805 0.0416233 0.0379813 0.0947153 0.1108712 0.1199685 0.3612051
gi|1130619 0.0056152 0.0014648 0.0000000 0.0000000 0.0036621 0.0021973 0.0019014 0.0087891 0.0022598 0.0014526 0.0041504 0.0000000 0.0026855 0.0065359 0.0043945 0.0090332 0.0066172 0.0000000 0.0154360 0.0156573 0.0110740 0.0106495 0.0195538 0.0215694 0.0167587 0.0167587 0.0189712 0.0223600 0.0205065 0.0207138 0.0208602 0.0216088 0.0144562 0.0188577 0.0264117 0.0266557 0.0268447 0.0302473 0.0470394 0.0338670 0.0879336 0.0456266 0.0469853 0.0729931 0.0273736 0.0605126 0.0479222 0.0809546 0.0374675 0.0200503 0.0238681 0.0331195 0.0305506 0.0862489 0.1141656 0.1525500 0.3498796
gi|1094959 0.0148741 0.0159630 0.0154360 0.0154360 0.0167264 0.0127659 0.0156211 0.0179781 0.0110716 0.0161250 0.0164552 0.0154360 0.0159281 0.0120915 0.0135991 0.0100765 0.0132849 0.0154360 0.0000000 0.0383580 0.0206601 0.0176371 0.0264550 0.0289746 0.0262031 0.0262031 0.0267070 0.0268342 0.0284706 0.0438706 0.0439449 0.0274628 0.0294641 0.0417915 0.0350214 0.0350214 0.0309902 0.0337960 0.0302936 0.0451303 0.0863178 0.0339456 0.0411920 0.0626683 0.0480793 0.0442511 0.0341747 0.0667592 0.0474521 0.0310630 0.0508491 0.0339148 0.0305618 0.0727998 0.1129189 0.1316817 0.3420235
gi|1386577 0.0177915 0.0157203 0.0156573 0.0156573 0.0185318 0.0150193 0.0144387 0.0248559 0.0176899 0.0154140 0.0205007 0.0156573 0.0204377 0.0252341 0.0159565 0.0201384 0.0218522 0.0156573 0.0383580 0.0000000 0.0157229 0.0197711 0.0197704 0.0207619 0.0165112 0.0165112 0.0178116 0.0215869 0.0187869 0.0085848 0.0096254 0.0196972 0.0115254 0.0096447 0.0229319 0.0242161 0.0240210 0.0280853 0.0462158 0.0373249 0.1086815 0.0510122 0.0510122 0.0765709 0.0189207 0.0662796 0.0529332 0.0840697 0.0378846 0.0204552 0.0122268 0.0223725 0.0223725 0.0861478 0.0974650 0.1792364 0.3658571
gi|4992873 0.0174566 0.0135852 0.0110740 0.0110740 0.0113724 0.0098921 0.0156211 0.0180805 0.0135261 0.0141093 0.0135813 0.0110740 0.0110702 0.0130099 0.0077491 0.0121630 0.0218838 0.0110740 0.0206601 0.0157229 0.0000000 0.0083149 0.0188964 0.0188964 0.0110859 0.0110859 0.0176367 0.0180411 0.0138574 0.0140670 0.0136293 0.0188964 0.0053449 0.0129532 0.0214160 0.0204082 0.0284706 0.0290473 0.0243949 0.0150089 0.0923482 0.0349753 0.0304895 0.0494428 0.0176797 0.0536879 0.0421685 0.0478090 0.0271408 0.0188784 0.0215575 0.0123038 0.0120230 0.0571284 0.0903691 0.1920627 0.2900620
gi|9391519 0.0188321 0.0132326 0.0106495 0.0106495 0.0120119 0.0110196 0.0141992 0.0158158 0.0140479 0.0126143 0.0119647 0.0106495 0.0093815 0.0200312 0.0059084 0.0131145 0.0213319 0.0106495 0.0176371 0.0197711 0.0083149 0.0000000 0.0241391 0.0282029 0.0213921 0.0213921 0.0262767 0.0269285 0.0252038 0.0189906 0.0189906 0.0291863 0.0155731 0.0194108 0.0334451 0.0311451 0.0370944 0.0283058 0.0298623 0.0355846 0.1004678 0.0352224 0.0289111 0.0757606 0.0196969 0.0673202 0.0466424 0.0790288 0.0360303 0.0127702 0.0205515 0.0187305 0.0197711 0.0764357 0.1076454 0.1655505 0.3387510
gi|4995965 0.0239522 0.0230570 0.0195538 0.0195538 0.0253086 0.0198600 0.0234316 0.0265603 0.0221819 0.0209121 0.0260294 0.0195538 0.0225261 0.0267860 0.0192051 0.0112182 0.0228591 0.0195538 0.0264550 0.0197704 0.0188964 0.0241391 0.0000000 0.0030234 0.0032754 0.0032754 0.0012598 0.0046624 0.0070547 0.0206747 0.0222851 0.0045351 0.0156323 0.0224820 0.0070547 0.0125976 0.0055430 0.0102790 0.0327094 0.0497784 0.1096834 0.0352382 0.0486958 0.0480426 0.0318924 0.0278513 0.0192179 0.0625421 0.0525493 0.0289276 0.0302133 0.0352965 0.0345037 0.0638555 0.0822814 0.1612697 0.3400820
gi|5660469 0.0259679 0.0260647 0.0215694 0.0215694 0.0283163 0.0213796 0.0259511 0.0305600 0.0241975 0.0224238 0.0300291 0.0215694 0.0255338 0.0262415 0.0217167 0.0122417 0.0264108 0.0215694 0.0289746 0.0207619 0.0188964 0.0282029 0.0030234 0.0000000 0.0037793 0.0037793 0.0017637 0.0045616 0.0050391 0.0196181 0.0217405 0.0040312 0.0133434 0.0218955 0.0065508 0.0090703 0.0050391 0.0149849 0.0341025 0.0457732 0.1148215 0.0393243 0.0527818 0.0448540 0.0307854 0.0269809 0.0219550 0.0577922 0.0521229 0.0309433 0.0296688 0.0337279 0.0324230 0.0574055 0.0774187 0.1591445 0.3414752
gi|7353547 0.0226452 0.0207580 0.0167587 0.0167587 0.0210254 0.0180569 0.0211640 0.0247572 0.0194348 0.0181406 0.0222422 0.0167587 0.0182429 0.0209667 0.0149219 0.0118953 0.0226721 0.0167587 0.0262031 0.0165112 0.0110859 0.0213921 0.0032754 0.0037793 0.0000000 0.0000000 0.0020156 0.0035538 0.0027715 0.0143433 0.0159538 0.0027715 0.0075826 0.0150763 0.0052910 0.0098262 0.0078105 0.0146049 0.0278037 0.0361903 0.1027980 0.0344057 0.0416521 0.0380348 0.0234457 0.0322261 0.0264787 0.0473299 0.0409401 0.0236036 0.0243940 0.0264050 0.0266363 0.0537522 0.0774691 0.1735496 0.3171247
gi|4995962 0.0226452 0.0207580 0.0167587 0.0167587 0.0210254 0.0180569 0.0211640 0.0247572 0.0194348 0.0181406 0.0222422 0.0167587 0.0182429 0.0209667 0.0149219 0.0118953 0.0226721 0.0167587 0.0262031 0.0165112 0.0110859 0.0213921 0.0032754 0.0037793 0.0000000 0.0000000 0.0020156 0.0035538 0.0027715 0.0143433 0.0159538 0.0027715 0.0075826 0.0150763 0.0052910 0.0098262 0.0078105 0.0146049 0.0278037 0.0361903 0.1027980 0.0344057 0.0416521 0.0380348 0.0234457 0.0322261 0.0264787 0.0473299 0.0409401 0.0236036 0.0243940 0.0264050 0.0266363 0.0537522 0.0774691 0.1735496 0.3171247
gi|6168025 0.0233696 0.0229704 0.0189712 0.0189712 0.0252220 0.0192773 0.0221718 0.0269697 0.0207352 0.0191484 0.0264388 0.0189712 0.0224395 0.0238032 0.0191184 0.0106355 0.0214124 0.0189712 0.0267070 0.0178116 0.0176367 0.0262767 0.0012598 0.0017637 0.0020156 0.0020156 0.0000000 0.0022940 0.0042832 0.0176919 0.0193023 0.0017637 0.0119726 0.0198014 0.0052910 0.0098262 0.0027715 0.0109238 0.0324574 0.0447828 0.1070027 0.0365966 0.0500542 0.0448416 0.0286913 0.0273589 0.0223329 0.0551776 0.0498553 0.0278083 0.0272305 0.0333378 0.0325450 0.0577834 0.0746221 0.1564169 0.3348503
gi|1578337 0.0306771 0.0276986 0.0223600 0.0223600 0.0280404 0.0239063 0.0246422 0.0288704 0.0224367 0.0202583 0.0295052 0.0223600 0.0241667 0.0259400 0.0198535 0.0115690 0.0247780 0.0223600 0.0268342 0.0215869 0.0180411 0.0269285 0.0046624 0.0045616 0.0035538 0.0035538 0.0022940 0.0000000 0.0032011 0.0167308 0.0192629 0.0023192 0.0116954 0.0202665 0.0086432 0.0078622 0.0040829 0.0093014 0.0253922 0.0467836 0.1009885 0.0339414 0.0469849 0.0418199 0.0265283 0.0322245 0.0294353 0.0460929 0.0476956 0.0276749 0.0278824 0.0357562 0.0363458 0.0463889 0.0616667 0.1559011 0.3126278
gi|6168024 0.0273851 0.0254978 0.0205065 0.0205065 0.0257652 0.0218047 0.0239355 0.0294971 0.0217105 0.0199043 0.0274781 0.0205065 0.0224868 0.0232424 0.0186697 0.0141550 0.0285321 0.0205065 0.0284706 0.0187869 0.0138574 0.0252038 0.0070547 0.0050391 0.0027715 0.0027715 0.0042832 0.0032011 0.0000000 0.0145709 0.0166934 0.0035273 0.0071940 0.0152786 0.0095742 0.0030234 0.0080625 0.0190589 0.0233427 0.0379540 0.0936327 0.0299582 0.0378947 0.0418801 0.0241686 0.0390403 0.0354574 0.0428485 0.0329357 0.0243264 0.0256457 0.0286807 0.0289120 0.0438757 0.0739418 0.1835949 0.3076839
gi|5035429 0.0339368 0.0268252 0.0207138 0.0207138 0.0251005 0.0231001 0.0235355 0.0289044 0.0267950 0.0183665 0.0270694 0.0207138 0.0209580 0.0353798 0.0169809 0.0211627 0.0330385 0.0207138 0.0438706 0.0085848 0.0140670 0.0189906 0.0206747 0.0196181 0.0143433 0.0143433 0.0176919 0.0167308 0.0145709 0.0000000 0.0026015 0.0175293 0.0048013 0.0023649 0.0223002 0.0200001 0.0239013 0.0202677 0.0351928 0.0436850 0.1236122 0.0504806 0.0462730 0.0756369 0.0052951 0.0770639 0.0637174 0.0762611 0.0381981 0.0131754 0.0036420 0.0273153 0.0283559 0.0775283 0.0926090 0.1794061 0.3560991
gi|1386580 0.0320670 0.0259635 0.0208602 0.0208602 0.0237347 0.0217344 0.0230978 0.0270346 0.0267950 0.0189528 0.0257036 0.0208602 0.0206003 0.0353798 0.0181353 0.0213091 0.0330385 0.0208602 0.0439449 0.0096254 0.0136293 0.0189906 0.0222851 0.0217405 0.0159538 0.0159538 0.0193023 0.0192629 0.0166934 0.0026015 0.0000000 0.0196518 0.0056567 0.0028169 0.0239106 0.0221225 0.0260237 0.0227634 0.0360803 0.0389127 0.1272372 0.0453455 0.0418392 0.0745025 0.0078624 0.0766145 0.0640012 0.0745978 0.0379180 0.0141562 0.0062435 0.0247138 0.0278356 0.0811357 0.0897647 0.1798811 0.3607818
gi|6168025 0.0265033 0.0266001 0.0216088 0.0216088 0.0288517 0.0224110 0.0239355 0.0310954 0.0221087 0.0199043 0.0295724 0.0216088 0.0245811 0.0251768 0.0212600 0.0137692 0.0217619 0.0216088 0.0274628 0.0196972 0.0188964 0.0291863 0.0045351 0.0040312 0.0027715 0.0027715 0.0017637 0.0023192 0.0035273 0.0175293 0.0196518 0.0000000 0.0110203 0.0181699 0.0045351 0.0110859 0.0020156 0.0126618 0.0285299 0.0471981 0.1100551 0.0349425 0.0463296 0.0473735 0.0286211 0.0338295 0.0302465 0.0530257 0.0440604 0.0235747 0.0275800 0.0336873 0.0328944 0.0551631 0.0746473 0.1520022 0.3296778
gi|5035416 0.0236384 0.0199183 0.0144562 0.0144562 0.0186976 0.0150314 0.0187796 0.0243211 0.0185626 0.0142700 0.0209570 0.0144562 0.0154948 0.0207628 0.0125941 0.0144438 0.0256879 0.0144562 0.0294641 0.0115254 0.0053449 0.0155731 0.0156323 0.0133434 0.0075826 0.0075826 0.0119726 0.0116954 0.0071940 0.0048013 0.0056567 0.0110203 0.0000000 0.0042107 0.0160081 0.0127967 0.0184337 0.0229819 0.0252087 0.0255704 0.1017059 0.0380490 0.0354698 0.0558279 0.0102779 0.0587607 0.0495770 0.0525711 0.0274092 0.0134437 0.0114240 0.0181040 0.0179100 0.0572933 0.0876464 0.1836146 0.3170196
gi|5838482 0.0299241 0.0245890 0.0188577 0.0188577 0.0233683 0.0203186 0.0217922 0.0287835 0.0251340 0.0170093 0.0250893 0.0188577 0.0193580 0.0335994 0.0172648 0.0222317 0.0313093 0.0188577 0.0417915 0.0096447 0.0129532 0.0194108 0.0224820 0.0218955 0.0150763 0.0150763 0.0198014 0.0202665 0.0152786 0.0023649 0.0028169 0.0181699 0.0042107 0.0000000 0.0226638 0.0221516 0.0259185 0.0261753 0.0334579 0.0421811 0.1241602 0.0443695 0.0383110 0.0790110 0.0096748 0.0818030 0.0680599 0.0792798 0.0285716 0.0104811 0.0073204 0.0258675 0.0261575 0.0843603 0.1074614 0.1848371 0.3638415
gi|6168045 0.0303140 0.0309069 0.0264117 0.0264117 0.0336545 0.0267178 0.0304863 0.0373864 0.0289277 0.0269589 0.0343753 0.0264117 0.0298800 0.0309717 0.0265589 0.0200601 0.0270447 0.0264117 0.0350214 0.0229319 0.0214160 0.0334451 0.0070547 0.0065508 0.0052910 0.0052910 0.0052910 0.0086432 0.0095742 0.0223002 0.0239106 0.0045351 0.0160081 0.0226638 0.0000000 0.0196523 0.0075586 0.0181877 0.0389934 0.0486142 0.1426520 0.0469486 0.0569555 0.0477040 0.0341558 0.0360169 0.0309910 0.0611625 0.0494483 0.0296298 0.0323509 0.0353859 0.0345931 0.0704819 0.0756803 0.1543465 0.3301817
gi|6168024 0.0340303 0.0316471 0.0266557 0.0266557 0.0319145 0.0274579 0.0299824 0.0351503 0.0276517 0.0259511 0.0346194 0.0266557 0.0296281 0.0291836 0.0253149 0.0183201 0.0390816 0.0266557 0.0350214 0.0242161 0.0204082 0.0311451 0.0125976 0.0090703 0.0098262 0.0098262 0.0098262 0.0078622 0.0030234 0.0200001 0.0221225 0.0110859 0.0127967 0.0221516 0.0196523 0.0000000 0.0141093 0.0268139 0.0278482 0.0423414 0.0864542 0.0322039 0.0429009 0.0482326 0.0300006 0.0444229 0.0415615 0.0455580 0.0357653 0.0343219 0.0315869 0.0356460 0.0358772 0.0416585 0.0754283 0.2030938 0.3084545
gi|6168046 0.0302510 0.0318360 0.0268447 0.0268447 0.0360717 0.0266548 0.0279667 0.0363313 0.0264325 0.0239355 0.0367925 0.0268447 0.0318011 0.0310367 0.0284801 0.0155329 0.0235255 0.0268447 0.0309902 0.0240210 0.0284706 0.0370944 0.0055430 0.0050391 0.0078105 0.0078105 0.0027715 0.0040829 0.0080625 0.0239013 0.0260237 0.0020156 0.0184337 0.0259185 0.0075586 0.0141093 0.0000000 0.0120042 0.0362071 0.0588139 0.1172832 0.0401568 0.0577551 0.0572038 0.0368901 0.0319856 0.0291242 0.0638968 0.0559991 0.0308028 0.0334400 0.0436435 0.0418266 0.0622178 0.0748236 0.1378929 0.3504269
gi|1011529 0.0410184 0.0357094 0.0302473 0.0302473 0.0334294 0.0313521 0.0311825 0.0274003 0.0318420 0.0266730 0.0330404 0.0302473 0.0275783 0.0427902 0.0230886 0.0148747 0.0285792 0.0302473 0.0337960 0.0280853 0.0290473 0.0283058 0.0102790 0.0149849 0.0146049 0.0146049 0.0109238 0.0093014 0.0190589 0.0202677 0.0227634 0.0126618 0.0229819 0.0261753 0.0181877 0.0268139 0.0120042 0.0000000 0.0317879 0.0712964 0.1353405 0.0440068 0.0561660 0.0683455 0.0244627 0.0484058 0.0369108 0.0745358 0.0697784 0.0270727 0.0257969 0.0477859 0.0481386 0.0803231 0.0812977 0.1343035 0.3661378
gi|5035417 0.0527216 0.0518264 0.0470394 0.0470394 0.0450910 0.0421518 0.0486120 0.0443586 0.0438082 0.0447883 0.0462495 0.0470394 0.0414624 0.0470269 0.0322473 0.0271491 0.0523165 0.0470394 0.0302936 0.0462158 0.0243949 0.0298623 0.0327094 0.0341025 0.0278037 0.0278037 0.0324574 0.0253922 0.0233427 0.0351928 0.0360803 0.0285299 0.0252087 0.0334579 0.0389934 0.0278482 0.0362071 0.0317879 0.0000000 0.0554798 0.1088118 0.0156820 0.0161082 0.0613757 0.0370517 0.0646606 0.0541174 0.0431801 0.0319063 0.0302909 0.0485265 0.0268936 0.0275465 0.0498203 0.0991830 0.2060986 0.3048827
gi|1002166 0.0337071 0.0329915 0.0338670 0.0338670 0.0317708 0.0296661 0.0387967 0.0439694 0.0335214 0.0407255 0.0364684 0.0338670 0.0373439 0.0221377 0.0342880 0.0401558 0.0461519 0.0338670 0.0451303 0.0373249 0.0150089 0.0355846 0.0497784 0.0457732 0.0361903 0.0361903 0.0447828 0.0467836 0.0379540 0.0436850 0.0389127 0.0471981 0.0255704 0.0421811 0.0486142 0.0423414 0.0588139 0.0712964 0.0554798 0.0000000 0.0869317 0.0672617 0.0612647 0.0519763 0.0463512 0.0675609 0.0627340 0.0420606 0.0474942 0.0555627 0.0522967 0.0215905 0.0222544 0.0565058 0.0938334 0.2552384 0.2411378
gi|1227483 0.0882418 0.0844436 0.0879336 0.0879336 0.0862967 0.0914436 0.0860948 0.0963224 0.0771058 0.0906795 0.0900668 0.0879336 0.0935568 0.0686490 0.0909513 0.0969428 0.0970304 0.0879336 0.0863178 0.1086815 0.0923482 0.1004678 0.1096834 0.1148215 0.1027980 0.1027980 0.1070027 0.1009885 0.0936327 0.1236122 0.1272372 0.1100551 0.1017059 0.1241602 0.1426520 0.0864542 0.1172832 0.1353405 0.1088118 0.0869317 0.0000000 0.1055382 0.1137349 0.1107229 0.1322225 0.1207466 0.1211615 0.0959420 0.1074861 0.1314163 0.1380865 0.1127415 0.1125027 0.0760113 0.1750687 0.3479302 0.2720467
gi|1011534 0.0436629 0.0470702 0.0456266 0.0456266 0.0438115 0.0385678 0.0448891 0.0430791 0.0416469 0.0444619 0.0439176 0.0456266 0.0424740 0.0469969 0.0363493 0.0272948 0.0499490 0.0456266 0.0339456 0.0510122 0.0349753 0.0352224 0.0352382 0.0393243 0.0344057 0.0344057 0.0365966 0.0339414 0.0299582 0.0504806 0.0453455 0.0349425 0.0380490 0.0443695 0.0469486 0.0322039 0.0401568 0.0440068 0.0156820 0.0672617 0.1055382 0.0000000 0.0075614 0.0797503 0.0578301 0.0625625 0.0536468 0.0628544 0.0290952 0.0389245 0.0637593 0.0354713 0.0367155 0.0719245 0.1202216 0.2065217 0.3629063
gi|1011526 0.0484183 0.0491083 0.0469853 0.0469853 0.0431321 0.0412851 0.0479947 0.0451171 0.0458545 0.0468774 0.0425589 0.0469853 0.0404360 0.0512044 0.0343112 0.0368057 0.0576628 0.0469853 0.0411920 0.0510122 0.0304895 0.0289111 0.0486958 0.0527818 0.0416521 0.0416521 0.0500542 0.0469849 0.0378947 0.0462730 0.0418392 0.0463296 0.0354698 0.0383110 0.0569555 0.0429009 0.0577551 0.0561660 0.0161082 0.0612647 0.1137349 0.0075614 0.0000000 0.0936491 0.0474951 0.0912186 0.0753859 0.0710512 0.0196192 0.0293022 0.0553441 0.0277574 0.0297028 0.0820694 0.1426854 0.2339319 0.3590699
gi|6366656 0.0748381 0.0736014 0.0729931 0.0729931 0.0682823 0.0739416 0.0790989 0.0747221 0.0698497 0.0795202 0.0730771 0.0729931 0.0724688 0.0566335 0.0647403 0.0599736 0.0786691 0.0729931 0.0626683 0.0765709 0.0494428 0.0757606 0.0480426 0.0448540 0.0380348 0.0380348 0.0448416 0.0418199 0.0418801 0.0756369 0.0745025 0.0473735 0.0558279 0.0790110 0.0477040 0.0482326 0.0572038 0.0683455 0.0613757 0.0519763 0.1107229 0.0797503 0.0936491 0.0000000 0.0849234 0.0315233 0.0423704 0.0233808 0.0981283 0.1002419 0.0991012 0.0600068 0.0671715 0.0436186 0.0667197 0.2572814 0.2451827
gi|1188287 0.0425383 0.0336172 0.0273736 0.0273736 0.0272735 0.0298590 0.0306822 0.0270534 0.0338812 0.0253788 0.0279699 0.0273736 0.0217264 0.0418178 0.0175840 0.0261369 0.0416430 0.0273736 0.0480793 0.0189207 0.0176797 0.0196969 0.0318924 0.0307854 0.0234457 0.0234457 0.0286913 0.0265283 0.0241686 0.0052951 0.0078624 0.0286211 0.0102779 0.0096748 0.0341558 0.0300006 0.0368901 0.0244627 0.0370517 0.0463512 0.1322225 0.0578301 0.0474951 0.0849234 0.0000000 0.0913434 0.0746198 0.0760548 0.0471495 0.0142435 0.0033760 0.0298554 0.0312030 0.0862505 0.1071658 0.1911701 0.3616494
gi|1011526 0.0518789 0.0599799 0.0605126 0.0605126 0.0637308 0.0547198 0.0647624 0.0658393 0.0569144 0.0663428 0.0666161 0.0605126 0.0671488 0.0485897 0.0590477 0.0380738 0.0548569 0.0605126 0.0442511 0.0662796 0.0536879 0.0673202 0.0278513 0.0269809 0.0322261 0.0322261 0.0273589 0.0322245 0.0390403 0.0770639 0.0766145 0.0338295 0.0587607 0.0818030 0.0360169 0.0444229 0.0319856 0.0484058 0.0646606 0.0675609 0.1207466 0.0625625 0.0912186 0.0315233 0.0913434 0.0000000 0.0056818 0.0560646 0.1089761 0.0903540 0.0944227 0.0583570 0.0582624 0.0616437 0.0821740 0.1781322 0.3484501
gi|1011534 0.0407089 0.0473895 0.0479222 0.0479222 0.0511404 0.0421294 0.0532430 0.0525387 0.0472336 0.0548234 0.0526052 0.0479222 0.0531379 0.0433078 0.0450369 0.0290346 0.0451761 0.0479222 0.0341747 0.0529332 0.0421685 0.0466424 0.0192179 0.0219550 0.0264787 0.0264787 0.0223329 0.0294353 0.0354574 0.0637174 0.0640012 0.0302465 0.0495770 0.0680599 0.0309910 0.0415615 0.0291242 0.0369108 0.0541174 0.0627340 0.1211615 0.0536468 0.0753859 0.0423704 0.0746198 0.0056818 0.0000000 0.0684020 0.0976786 0.0699045 0.0759443 0.0450106 0.0441828 0.0687029 0.0945363 0.1711927 0.3592972
gi|6366656 0.0833120 0.0825876 0.0809546 0.0809546 0.0726579 0.0778048 0.0842307 0.0755115 0.0731180 0.0836111 0.0774526 0.0809546 0.0758197 0.0577865 0.0670666 0.0612753 0.0866967 0.0809546 0.0667592 0.0840697 0.0478090 0.0790288 0.0625421 0.0577922 0.0473299 0.0473299 0.0551776 0.0460929 0.0428485 0.0762611 0.0745978 0.0530257 0.0525711 0.0792798 0.0611625 0.0455580 0.0638968 0.0745358 0.0431801 0.0420606 0.0959420 0.0628544 0.0710512 0.0233808 0.0760548 0.0560646 0.0684020 0.0000000 0.0741962 0.0951357 0.0970813 0.0553428 0.0598634 0.0293124 0.0709927 0.2924169 0.2070578
gi|913749| 0.0396147 0.0395208 0.0374675 0.0374675 0.0383001 0.0346067 0.0375678 0.0479843 0.0359636 0.0365212 0.0401655 0.0374675 0.0381123 0.0385984 0.0346004 0.0413800 0.0505050 0.0374675 0.0474521 0.0378846 0.0271408 0.0360303 0.0525493 0.0521229 0.0409401 0.0409401 0.0498553 0.0476956 0.0329357 0.0381981 0.0379180 0.0440604 0.0274092 0.0285716 0.0494483 0.0357653 0.0559991 0.0697784 0.0319063 0.0474942 0.1074861 0.0290952 0.0196192 0.0981283 0.0471495 0.1089761 0.0976786 0.0741962 0.0000000 0.0317345 0.0493911 0.0325750 0.0306006 0.0851956 0.1400888 0.2499400 0.3156729
gi|8511881 0.0300921 0.0262939 0.0200503 0.0200503 0.0260978 0.0215111 0.0219927 0.0284391 0.0243104 0.0166893 0.0242327 0.0200503 0.0179891 0.0348911 0.0158959 0.0229120 0.0267840 0.0200503 0.0310630 0.0204552 0.0188784 0.0127702 0.0289276 0.0309433 0.0236036 0.0236036 0.0278083 0.0276749 0.0243264 0.0131754 0.0141562 0.0235747 0.0134437 0.0104811 0.0296298 0.0343219 0.0308028 0.0270727 0.0302909 0.0555627 0.1314163 0.0389245 0.0293022 0.1002419 0.0142435 0.0903540 0.0699045 0.0951357 0.0317345 0.0000000 0.0117851 0.0276881 0.0274492 0.0923152 0.1236130 0.1501690 0.3831753
gi|1188286 0.0375951 0.0299795 0.0238681 0.0238681 0.0282548 0.0267584 0.0264178 0.0300425 0.0314776 0.0212487 0.0287115 0.0238681 0.0226002 0.0421436 0.0196311 0.0273412 0.0366805 0.0238681 0.0508491 0.0122268 0.0215575 0.0205515 0.0302133 0.0296688 0.0243940 0.0243940 0.0272305 0.0278824 0.0256457 0.0036420 0.0062435 0.0275800 0.0114240 0.0073204 0.0323509 0.0315869 0.0334400 0.0257969 0.0485265 0.0522967 0.1380865 0.0637593 0.0553441 0.0991012 0.0033760 0.0944227 0.0759443 0.0970813 0.0493911 0.0117851 0.0000000 0.0335588 0.0340791 0.0983573 0.1123627 0.1744520 0.3909382
gi|4963623 0.0292054 0.0326785 0.0331195 0.0331195 0.0309538 0.0259292 0.0355972 0.0387899 0.0332986 0.0370846 0.0334267 0.0331195 0.0338677 0.0309573 0.0243462 0.0280241 0.0416233 0.0331195 0.0339148 0.0223725 0.0123038 0.0187305 0.0352965 0.0337279 0.0264050 0.0264050 0.0333378 0.0357562 0.0286807 0.0273153 0.0247138 0.0336873 0.0181040 0.0258675 0.0353859 0.0356460 0.0436435 0.0477859 0.0268936 0.0215905 0.1127415 0.0354713 0.0277574 0.0600068 0.0298554 0.0583570 0.0450106 0.0553428 0.0325750 0.0276881 0.0335588 0.0000000 0.0020812 0.0632203 0.1003440 0.2106801 0.3281921
gi|5035033 0.0251244 0.0301096 0.0305506 0.0305506 0.0293929 0.0218482 0.0332683 0.0372290 0.0306972 0.0347556 0.0318658 0.0305506 0.0323068 0.0278356 0.0232894 0.0249511 0.0379813 0.0305506 0.0305618 0.0223725 0.0120230 0.0197711 0.0345037 0.0324230 0.0266363 0.0266363 0.0325450 0.0363458 0.0289120 0.0283559 0.0278356 0.0328944 0.0179100 0.0261575 0.0345931 0.0358772 0.0418266 0.0481386 0.0275465 0.0222544 0.1125027 0.0367155 0.0297028 0.0671715 0.0312030 0.0582624 0.0441828 0.0598634 0.0306006 0.0274492 0.0340791 0.0020812 0.0000000 0.0697240 0.1149121 0.2070155 0.3370677
gi|6366656 0.0956076 0.0931500 0.0862489 0.0862489 0.0929709 0.0877951 0.0923010 0.1021343 0.0800084 0.0863297 0.0980816 0.0862489 0.0911806 0.0673826 0.0800966 0.0723329 0.0947153 0.0862489 0.0727998 0.0861478 0.0571284 0.0764357 0.0638555 0.0574055 0.0537522 0.0537522 0.0577834 0.0463889 0.0438757 0.0775283 0.0811357 0.0551631 0.0572933 0.0843603 0.0704819 0.0416585 0.0622178 0.0803231 0.0498203 0.0565058 0.0760113 0.0719245 0.0820694 0.0436186 0.0862505 0.0616437 0.0687029 0.0293124 0.0851956 0.0923152 0.0983573 0.0632203 0.0697240 0.0000000 0.0519444 0.2750436 0.1880363
gi|3399611 0.1276910 0.1200250 0.1141656 0.1141656 0.1214084 0.1172743 0.1139015 0.1258843 0.1069170 0.1089884 0.1270399 0.1141656 0.1211806 0.1034310 0.1100966 0.0960829 0.1108712 0.1141656 0.1129189 0.0974650 0.0903691 0.1076454 0.0822814 0.0774187 0.0774691 0.0774691 0.0746221 0.0616667 0.0739418 0.0926090 0.0897647 0.0746473 0.0876464 0.1074614 0.0756803 0.0754283 0.0748236 0.0812977 0.0991830 0.0938334 0.1750687 0.1202216 0.1426854 0.0667197 0.1071658 0.0821740 0.0945363 0.0709927 0.1400888 0.1236130 0.1123627 0.1003440 0.1149121 0.0519444 0.0000000 0.2182682 0.2275952
gi|5838477 0.1587385 0.1614665 0.1525500 0.1525500 0.1738327 0.1529640 0.1460758 0.1649481 0.1488333 0.1380572 0.1691835 0.1525500 0.1602670 0.1675073 0.1609357 0.1376150 0.1199685 0.1525500 0.1316817 0.1792364 0.1920627 0.1655505 0.1612697 0.1591445 0.1735496 0.1735496 0.1564169 0.1559011 0.1835949 0.1794061 0.1798811 0.1520022 0.1836146 0.1848371 0.1543465 0.2030938 0.1378929 0.1343035 0.2060986 0.2552384 0.3479302 0.2065217 0.2339319 0.2572814 0.1911701 0.1781322 0.1711927 0.2924169 0.2499400 0.1501690 0.1744520 0.2106801 0.2070155 0.2750436 0.2182682 0.0000000 0.6837577
gi|1062630 0.3733315 0.3552794 0.3498796 0.3498796 0.3509950 0.3584724 0.3609644 0.3729341 0.3356190 0.3565182 0.3595064 0.3498796 0.3541066 0.3040496 0.3467297 0.3575629 0.3612051 0.3498796 0.3420235 0.3658571 0.2900620 0.3387510 0.3400820 0.3414752 0.3171247 0.3171247 0.3348503 0.3126278 0.3076839 0.3560991 0.3607818 0.3296778 0.3170196 0.3638415 0.3301817 0.3084545 0.3504269 0.3661378 0.3048827 0.2411378 0.2720467 0.3629063 0.3590699 0.2451827 0.3616494 0.3484501 0.3592972 0.2070578 0.3156729 0.3831753 0.3909382 0.3281921 0.3370677 0.1880363 0.2275952 0.6837577 0.0000000
