   57
gi|1427799 0.0000000 0.0965433 0.1308171 0.1308171 0.1398621 0.1368780 0.1174447 0.1660849 0.1376730 0.1473195 0.1664379 0.1308171 0.1840234 0.1619106 0.1895004 0.1975520 0.1926513 0.1308171 0.2422084 0.2333356 0.2897347 0.2634904 0.3493736 0.3641099 0.4382651 0.4382651 0.4430856 0.4351036 0.4551224 0.2783154 0.2998644 0.4491388 0.3210158 0.2926066 0.4512305 0.4662559 0.4621617 0.3816373 0.3978539 0.4517790 0.3841296 0.4633025 0.4965649 0.4574355 0.3664703 0.5112378 0.4241536 0.4732074 0.4240765 0.3337603 0.3548672 0.3580285 0.3606243 0.5047212 0.5362581 0.6338322 0.5735867
gi|4976778 0.0965433 0.0000000 0.0977235 0.0977235 0.1004972 0.0997055 0.0678375 0.1346201 0.1009376 0.1194182 0.1356598 0.0977235 0.1613348 0.1355390 0.1652769 0.1729243 0.1542710 0.0977235 0.2258857 0.2504387 0.2721969 0.2634295 0.3555718 0.3718067 0.4444262 0.4444262 0.4470415 0.4410780 0.4609288 0.2598542 0.2827797 0.4520653 0.3092167 0.2781041 0.4552342 0.4721151 0.4635380 0.3853556 0.3949616 0.4464674 0.3856893 0.4612635 0.4926592 0.4641151 0.3529401 0.5172578 0.4295249 0.4871274 0.4198578 0.3237107 0.3413775 0.3536515 0.3566852 0.5136060 0.5386158 0.6166755 0.5659472
gi|1381585 0.1308171 0.0977235 0.0000000 0.0000000 0.1362579 0.0935291 0.1184733 0.1659805 0.1382860 0.0672616 0.1691752 0.0000000 0.1401574 0.1627009 0.1638753 0.1797668 0.1817788 0.0000000 0.2487696 0.2429280 0.2495722 0.2508435 0.3471898 0.3638272 0.4338181 0.4338181 0.4348989 0.4321477 0.4515659 0.2319437 0.2567505 0.4416404 0.2861864 0.2495446 0.4448030 0.4623091 0.4518386 0.3764924 0.3673236 0.4252860 0.3965643 0.4406128 0.4684742 0.4569521 0.3434700 0.5265874 0.4420188 0.4806538 0.4281817 0.3060152 0.3297430 0.3616060 0.3637351 0.5057327 0.5328608 0.6177325 0.5721156
gi|4976759 0.1308171 0.0977235 0.0000000 0.0000000 0.1362579 0.0935291 0.1184733 0.1659805 0.1382860 0.0672616 0.1691752 0.0000000 0.1401574 0.1627009 0.1638753 0.1797668 0.1817788 0.0000000 0.2487696 0.2429280 0.2495722 0.2508435 0.3471898 0.3638272 0.4338181 0.4338181 0.4348989 0.4321477 0.4515659 0.2319437 0.2567505 0.4416404 0.2861864 0.2495446 0.4448030 0.4623091 0.4518386 0.3764924 0.3673236 0.4252860 0.3965643 0.4406128 0.4684742 0.4569521 0.3434700 0.5265874 0.4420188 0.4806538 0.4281817 0.3060152 0.3297430 0.3616060 0.3637351 0.5057327 0.5328608 0.6177325 0.5721156
gi|5021171 0.1398621 0.1004972 0.1362579 0.1362579 0.0000000 0.1415656 0.1213113 0.0934335 0.1425274 0.1525483 0.1382919 0.1362579 0.1617181 0.1687181 0.1672991 0.2011563 0.1813720 0.1362579 0.2443993 0.2878659 0.2713764 0.2832282 0.3822510 0.3962702 0.4516444 0.4516444 0.4515158 0.4481617 0.4688754 0.2823364 0.3031524 0.4568466 0.3249064 0.2996337 0.4584525 0.4791481 0.4659612 0.3883024 0.3686353 0.4543383 0.3969330 0.4893840 0.5057772 0.4738412 0.3447021 0.5208419 0.4393534 0.4985426 0.4379348 0.3440671 0.3609789 0.3719929 0.3744941 0.5141362 0.5442881 0.6249063 0.5756723
gi|1062516 0.1368780 0.0997055 0.0935291 0.0935291 0.1415656 0.0000000 0.1212967 0.1623607 0.1394460 0.1165004 0.1632237 0.0935291 0.1573929 0.1664851 0.1640207 0.1461437 0.1820561 0.0935291 0.2436548 0.2592009 0.2715884 0.2603932 0.3508577 0.3673150 0.4414524 0.4414524 0.4449861 0.4372340 0.4576347 0.2597692 0.2826539 0.4491417 0.3088069 0.2810894 0.4529321 0.4693057 0.4615557 0.3812323 0.3934106 0.4401570 0.3973420 0.4579462 0.4920812 0.4582489 0.3496619 0.5188366 0.4324156 0.4815200 0.4329793 0.3211055 0.3384916 0.3620043 0.3652032 0.5069159 0.5327647 0.6208667 0.5676271
gi|3891959 0.1174447 0.0678375 0.1184733 0.1184733 0.1213113 0.1212967 0.0000000 0.1508507 0.0746130 0.0982324 0.1519767 0.1184733 0.1749656 0.1153303 0.1763718 0.1862139 0.1397803 0.1184733 0.2188926 0.2414922 0.2820161 0.2868176 0.3629482 0.3801791 0.4530811 0.4530811 0.4559301 0.4388708 0.4720355 0.2686937 0.2914496 0.4637683 0.3186940 0.2866248 0.4638236 0.4828043 0.4750883 0.3801221 0.4055511 0.4539076 0.3849964 0.4720181 0.5039000 0.4657443 0.3588495 0.5214199 0.4323905 0.4896243 0.4150487 0.3312253 0.3470753 0.3580636 0.3610716 0.5158411 0.5422094 0.6147258 0.5690689
gi|5043250 0.1660849 0.1346201 0.1659805 0.1659805 0.0934335 0.1623607 0.1508507 0.0000000 0.1692349 0.1796886 0.1005100 0.1659805 0.1321704 0.1913908 0.1377358 0.1756526 0.2062854 0.1659805 0.2628419 0.3016113 0.2889120 0.2660045 0.3723177 0.3866759 0.4437117 0.4437117 0.4435221 0.4397862 0.4599442 0.2973440 0.3176244 0.4489665 0.3394323 0.3157997 0.4505089 0.4698622 0.4581809 0.3816318 0.3894572 0.4675364 0.4033928 0.4834472 0.5015881 0.4679615 0.3413212 0.5138623 0.4320927 0.4916672 0.4536922 0.3538855 0.3547253 0.3759073 0.3780270 0.5039759 0.5375639 0.6216335 0.5741042
gi|1578315 0.1376730 0.1009376 0.1382860 0.1382860 0.1425274 0.1394460 0.0746130 0.1692349 0.0000000 0.1213292 0.1705734 0.1382860 0.1900494 0.1055627 0.1870542 0.1984674 0.1199982 0.1382860 0.1917536 0.2492200 0.2746606 0.2821401 0.3484989 0.3647896 0.4283384 0.4283384 0.4316748 0.4138841 0.4489107 0.2697131 0.2912619 0.4403932 0.2938990 0.2920965 0.4398943 0.4602898 0.4525928 0.3675365 0.3990448 0.4348643 0.3837863 0.4699459 0.5025462 0.4522173 0.3658670 0.4991814 0.4226147 0.4764542 0.4110856 0.3217987 0.3531947 0.3553203 0.3585717 0.4962375 0.5254694 0.6147324 0.5604861
gi|5542098 0.1473195 0.1194182 0.0672616 0.0672616 0.1525483 0.1165004 0.0982324 0.1796886 0.1213292 0.0000000 0.1828554 0.0672616 0.1559546 0.1469947 0.1755248 0.1928610 0.1703150 0.0672616 0.2425712 0.2338928 0.2602374 0.2752346 0.3546784 0.3724635 0.4427009 0.4427009 0.4440285 0.4299282 0.4627354 0.2422121 0.2666357 0.4534290 0.2967624 0.2593810 0.4536062 0.4730579 0.4634795 0.3710434 0.3785846 0.4330391 0.3960419 0.4518623 0.4802465 0.4586334 0.3497875 0.5309245 0.4448662 0.4831397 0.4235635 0.3143510 0.3360601 0.3662147 0.3683223 0.5077415 0.5363770 0.6158910 0.5749640
gi|5027183 0.1664379 0.1356598 0.1691752 0.1691752 0.1382919 0.1632237 0.1519767 0.1005100 0.1705734 0.1828554 0.0000000 0.1691752 0.0888269 0.1865792 0.0996132 0.1721218 0.2098622 0.1691752 0.2651528 0.2886544 0.2734098 0.2211789 0.3634239 0.3778173 0.4233851 0.4233851 0.4203027 0.4305371 0.4384132 0.3031582 0.3232620 0.4277854 0.3438047 0.3200684 0.4305658 0.4464361 0.4348272 0.3950800 0.4123207 0.4600661 0.4033680 0.4781115 0.4810334 0.4540912 0.3754943 0.5003587 0.4165232 0.4732135 0.4613536 0.3605538 0.3745316 0.3819236 0.3840618 0.4968035 0.5252005 0.6242385 0.5680752
gi|1009083 0.1308171 0.0977235 0.0000000 0.0000000 0.1362579 0.0935291 0.1184733 0.1659805 0.1382860 0.0672616 0.1691752 0.0000000 0.1401574 0.1627009 0.1638753 0.1797668 0.1817788 0.0000000 0.2487696 0.2429280 0.2495722 0.2508435 0.3471898 0.3638272 0.4338181 0.4338181 0.4348989 0.4321477 0.4515659 0.2319437 0.2567505 0.4416404 0.2861864 0.2495446 0.4448030 0.4623091 0.4518386 0.3764924 0.3673236 0.4252860 0.3965643 0.4406128 0.4684742 0.4569521 0.3434700 0.5265874 0.4420188 0.4806538 0.4281817 0.3060152 0.3297430 0.3616060 0.3637351 0.5057327 0.5328608 0.6177325 0.5721156
gi|5021144 0.1840234 0.1613348 0.1401574 0.1401574 0.1617181 0.1573929 0.1749656 0.1321704 0.1900494 0.1559546 0.0888269 0.1401574 0.0000000 0.2024880 0.0862953 0.1732920 0.2266599 0.1401574 0.2808239 0.2799897 0.2528726 0.2011411 0.3529188 0.3677516 0.4103004 0.4103004 0.4058440 0.4195456 0.4266972 0.2810159 0.3020698 0.4150547 0.3249011 0.2990712 0.4177128 0.4344276 0.4210798 0.3852639 0.3894875 0.4403382 0.4093595 0.4566965 0.4549774 0.4446472 0.3650359 0.5077402 0.4267120 0.4664058 0.4676976 0.3450574 0.3613563 0.3872844 0.3886083 0.4868668 0.5166287 0.6251904 0.5722343
gi|1147936 0.1619106 0.1355390 0.1627009 0.1627009 0.1687181 0.1664851 0.1153303 0.1913908 0.1055627 0.1469947 0.1865792 0.1627009 0.2024880 0.0000000 0.1974189 0.2197732 0.1594228 0.1627009 0.2346729 0.2534553 0.2940028 0.2924759 0.3688621 0.3859189 0.4498994 0.4498994 0.4511457 0.4383240 0.4692919 0.2809945 0.3016823 0.4608849 0.3164856 0.3037287 0.4582141 0.4785022 0.4707037 0.3859755 0.4223673 0.4586702 0.3875438 0.4896570 0.5142838 0.4664448 0.3629071 0.5069726 0.4256271 0.4930325 0.4295038 0.3336926 0.3475585 0.3421293 0.3446747 0.5110402 0.5341544 0.6067072 0.5670407
gi|5053946 0.1895004 0.1652769 0.1638753 0.1638753 0.1672991 0.1640207 0.1763718 0.1377358 0.1870542 0.1755248 0.0996132 0.1638753 0.0862953 0.1974189 0.0000000 0.1808600 0.2247921 0.1638753 0.2771909 0.2908577 0.2702628 0.2242448 0.3633450 0.3777670 0.4212929 0.4212929 0.4206846 0.4269896 0.4371682 0.2996552 0.3163068 0.4273558 0.3386452 0.3168919 0.4286666 0.4466671 0.4368017 0.3916355 0.4141353 0.4438842 0.4119844 0.4748535 0.4780958 0.4573886 0.3701721 0.4956673 0.4158365 0.4770640 0.4715139 0.3536603 0.3660053 0.3729102 0.3747348 0.4929463 0.5166147 0.6220291 0.5659582
gi|1062516 0.1975520 0.1729243 0.1797668 0.1797668 0.2011563 0.1461437 0.1862139 0.1756526 0.1984674 0.1928610 0.1721218 0.1797668 0.1732920 0.2197732 0.1808600 0.0000000 0.2299891 0.1797668 0.2685715 0.2893014 0.3048399 0.2506313 0.3287295 0.3470606 0.4380418 0.4380418 0.4408435 0.4295224 0.4539089 0.2849910 0.2980200 0.4444622 0.3414299 0.3119778 0.4483448 0.4658349 0.4562688 0.3754339 0.4211212 0.4703573 0.4026360 0.4506744 0.5010792 0.4400994 0.3482644 0.5119209 0.4217079 0.4639697 0.4493552 0.3469970 0.3405385 0.3786834 0.3824501 0.4969112 0.5258158 0.6069237 0.5564447
gi|1578301 0.1926513 0.1542710 0.1817788 0.1817788 0.1813720 0.1820561 0.1397803 0.2062854 0.1199982 0.1703150 0.2098622 0.1817788 0.2266599 0.1594228 0.2247921 0.2299891 0.0000000 0.1817788 0.2219139 0.2841744 0.2968711 0.3104974 0.3739441 0.4013296 0.4485126 0.4485126 0.4443466 0.4342425 0.4756107 0.2938418 0.3127714 0.4504645 0.3163594 0.3157877 0.4538344 0.4897241 0.4562335 0.3907675 0.4133346 0.4519215 0.3861405 0.4890645 0.5184937 0.4489502 0.3830940 0.5264936 0.4553301 0.4820408 0.4182985 0.3415484 0.3717364 0.3721567 0.3756646 0.5028781 0.5341603 0.6225229 0.5537908
gi|1130619 0.1308171 0.0977235 0.0000000 0.0000000 0.1362579 0.0935291 0.1184733 0.1659805 0.1382860 0.0672616 0.1691752 0.0000000 0.1401574 0.1627009 0.1638753 0.1797668 0.1817788 0.0000000 0.2487696 0.2429280 0.2495722 0.2508435 0.3471898 0.3638272 0.4338181 0.4338181 0.4348989 0.4321477 0.4515659 0.2319437 0.2567505 0.4416404 0.2861864 0.2495446 0.4448030 0.4623091 0.4518386 0.3764924 0.3673236 0.4252860 0.3965643 0.4406128 0.4684742 0.4569521 0.3434700 0.5265874 0.4420188 0.4806538 0.4281817 0.3060152 0.3297430 0.3616060 0.3637351 0.5057327 0.5328608 0.6177325 0.5721156
gi|1094959 0.2422084 0.2258857 0.2487696 0.2487696 0.2443993 0.2436548 0.2188926 0.2628419 0.1917536 0.2425712 0.2651528 0.2487696 0.2808239 0.2346729 0.2771909 0.2685715 0.2219139 0.2487696 0.0000000 0.2965611 0.2748257 0.3156935 0.3331555 0.3608864 0.4083413 0.4083413 0.4094648 0.3951564 0.4296030 0.3119205 0.3287376 0.4184575 0.3091220 0.3202003 0.4181513 0.4413250 0.4297573 0.3549442 0.3629924 0.4641093 0.3934496 0.4430366 0.4752167 0.4467852 0.3967547 0.4995009 0.4264089 0.4601897 0.3820092 0.3174719 0.3875179 0.3462161 0.3489803 0.4723566 0.4945277 0.6327833 0.5266030
gi|1386577 0.2333356 0.2504387 0.2429280 0.2429280 0.2878659 0.2592009 0.2414922 0.3016113 0.2492200 0.2338928 0.2886544 0.2429280 0.2799897 0.2534553 0.2908577 0.2893014 0.2841744 0.2429280 0.2965611 0.0000000 0.2516593 0.3380532 0.2848028 0.3031227 0.3827848 0.3827848 0.3899043 0.3706749 0.4040606 0.1995369 0.2257536 0.4042994 0.2565073 0.2275716 0.3977244 0.4166092 0.4200869 0.3131941 0.3768523 0.4277138 0.3957731 0.4006271 0.4314946 0.4086345 0.3497257 0.4734061 0.3768949 0.4337292 0.4287687 0.2731053 0.3047452 0.3219802 0.3226760 0.4714300 0.5092318 0.6132690 0.5641193
gi|4992873 0.2897347 0.2721969 0.2495722 0.2495722 0.2713764 0.2715884 0.2820161 0.2889120 0.2746606 0.2602374 0.2734098 0.2495722 0.2528726 0.2940028 0.2702628 0.3048399 0.2968711 0.2495722 0.2748257 0.2516593 0.0000000 0.3104097 0.3070392 0.3233668 0.3519485 0.3519485 0.3453999 0.3669657 0.3747005 0.2099548 0.2348727 0.3626118 0.2165237 0.2203968 0.3590046 0.3833999 0.3682372 0.3406027 0.2796806 0.4060307 0.4022563 0.3873256 0.3793392 0.3981117 0.3547078 0.4781031 0.4047165 0.4361571 0.4144430 0.2531478 0.3487172 0.3478388 0.3375099 0.4462594 0.4744677 0.6108700 0.5487267
gi|9391519 0.2634904 0.2634295 0.2508435 0.2508435 0.2832282 0.2603932 0.2868176 0.2660045 0.2821401 0.2752346 0.2211789 0.2508435 0.2011411 0.2924759 0.2242448 0.2506313 0.3104974 0.2508435 0.3156935 0.3380532 0.3104097 0.0000000 0.3607251 0.3803175 0.4049334 0.4049334 0.3963678 0.4313417 0.4162566 0.3346073 0.3505858 0.4039125 0.3587214 0.3500332 0.4116595 0.4222940 0.4060221 0.4189489 0.4168478 0.4563510 0.4477673 0.4482465 0.4398058 0.4512425 0.4184977 0.5295978 0.4561749 0.4526249 0.4828901 0.3578671 0.3994365 0.3931011 0.4000161 0.4921791 0.5201228 0.6555993 0.5660901
gi|4995965 0.3493736 0.3555718 0.3471898 0.3471898 0.3822510 0.3508577 0.3629482 0.3723177 0.3484989 0.3546784 0.3634239 0.3471898 0.3529188 0.3688621 0.3633450 0.3287295 0.3739441 0.3471898 0.3331555 0.2848028 0.3070392 0.3607251 0.0000000 0.1380993 0.2326305 0.2326305 0.2637956 0.2143294 0.2556770 0.3040709 0.3231148 0.2589524 0.2962398 0.3143446 0.2575215 0.2917990 0.2993774 0.1756956 0.3702231 0.4005701 0.4488195 0.3064258 0.3830185 0.3770803 0.3679144 0.3686788 0.2829154 0.3795917 0.4533049 0.2819955 0.3291670 0.3427189 0.3412908 0.3900049 0.4269156 0.6713766 0.5444721
gi|5660469 0.3641099 0.3718067 0.3638272 0.3638272 0.3962702 0.3673150 0.3801791 0.3866759 0.3647896 0.3724635 0.3778173 0.3638272 0.3677516 0.3859189 0.3777670 0.3470606 0.4013296 0.3638272 0.3608864 0.3031227 0.3233668 0.3803175 0.1380993 0.0000000 0.2369623 0.2369623 0.2687653 0.2245179 0.2552998 0.3128821 0.3310520 0.2675569 0.2979992 0.3301050 0.2630320 0.2851527 0.3072620 0.2246163 0.3949929 0.3979432 0.4645985 0.3390311 0.4080896 0.3859421 0.3785981 0.3591990 0.3083504 0.3925548 0.4752527 0.3001275 0.3426436 0.3675980 0.3673466 0.3973669 0.4435664 0.6733508 0.5675611
gi|7353547 0.4382651 0.4444262 0.4338181 0.4338181 0.4516444 0.4414524 0.4530811 0.4437117 0.4283384 0.4427009 0.4233851 0.4338181 0.4103004 0.4498994 0.4212929 0.4380418 0.4485126 0.4338181 0.4083413 0.3827848 0.3519485 0.4049334 0.2326305 0.2369623 0.0000000 0.0000000 0.0982181 0.1239604 0.1078670 0.3875438 0.4019855 0.1088455 0.3381925 0.4053537 0.0942542 0.1651051 0.1686395 0.2716277 0.4011815 0.4105244 0.5066081 0.3960003 0.3820911 0.3917523 0.4554919 0.3084321 0.3359994 0.3947202 0.5361009 0.3650743 0.4325327 0.4378096 0.4374034 0.3597467 0.4082596 0.7433989 0.5894468
gi|4995962 0.4382651 0.4444262 0.4338181 0.4338181 0.4516444 0.4414524 0.4530811 0.4437117 0.4283384 0.4427009 0.4233851 0.4338181 0.4103004 0.4498994 0.4212929 0.4380418 0.4485126 0.4338181 0.4083413 0.3827848 0.3519485 0.4049334 0.2326305 0.2369623 0.0000000 0.0000000 0.0982181 0.1239604 0.1078670 0.3875438 0.4019855 0.1088455 0.3381925 0.4053537 0.0942542 0.1651051 0.1686395 0.2716277 0.4011815 0.4105244 0.5066081 0.3960003 0.3820911 0.3917523 0.4554919 0.3084321 0.3359994 0.3947202 0.5361009 0.3650743 0.4325327 0.4378096 0.4374034 0.3597467 0.4082596 0.7433989 0.5894468
gi|6168025 0.4430856 0.4470415 0.4348989 0.4348989 0.4515158 0.4449861 0.4559301 0.4435221 0.4316748 0.4440285 0.4203027 0.4348989 0.4058440 0.4511457 0.4206846 0.4408435 0.4443466 0.4348989 0.4094648 0.3899043 0.3453999 0.3963678 0.2637956 0.2687653 0.0982181 0.0982181 0.0000000 0.1712966 0.1466802 0.3922251 0.4063691 0.1088506 0.3421326 0.4089107 0.1007560 0.1687407 0.1050614 0.3022455 0.3943448 0.4294313 0.4978735 0.4092900 0.3771562 0.3755315 0.4652584 0.3384676 0.3633320 0.3897841 0.5422535 0.3755914 0.4468950 0.4485162 0.4479916 0.3454689 0.4097614 0.7364974 0.5763030
gi|1578337 0.4351036 0.4410780 0.4321477 0.4321477 0.4481617 0.4372340 0.4388708 0.4397862 0.4138841 0.4299282 0.4305371 0.4321477 0.4195456 0.4383240 0.4269896 0.4295224 0.4342425 0.4321477 0.3951564 0.3706749 0.3669657 0.4313417 0.2143294 0.2245179 0.1239604 0.1239604 0.1712966 0.0000000 0.1792891 0.3906830 0.4047343 0.1782450 0.3469772 0.4071955 0.1568695 0.2273628 0.2287476 0.2073327 0.4076775 0.4087477 0.4974185 0.3982694 0.4173008 0.3795812 0.4342078 0.3026033 0.3239359 0.3904876 0.5213926 0.3633238 0.4173562 0.4263821 0.4262257 0.3475490 0.4077421 0.7302891 0.5875778
gi|6168024 0.4551224 0.4609288 0.4515659 0.4515659 0.4688754 0.4576347 0.4720355 0.4599442 0.4489107 0.4627354 0.4384132 0.4515659 0.4266972 0.4692919 0.4371682 0.4539089 0.4756107 0.4515659 0.4296030 0.4040606 0.3747005 0.4162566 0.2556770 0.2552998 0.1078670 0.1078670 0.1466802 0.1792891 0.0000000 0.4110592 0.4246882 0.1092873 0.3649941 0.4279166 0.1440662 0.0911010 0.1715957 0.2952660 0.4275782 0.4318799 0.5180023 0.4163673 0.4000948 0.4088629 0.4782714 0.3232802 0.3443191 0.4055971 0.5606337 0.3898657 0.4538566 0.4536789 0.4537424 0.3643405 0.4214805 0.7552407 0.6017988
gi|5035429 0.2783154 0.2598542 0.2319437 0.2319437 0.2823364 0.2597692 0.2686937 0.2973440 0.2697131 0.2422121 0.3031582 0.2319437 0.2810159 0.2809945 0.2996552 0.2849910 0.2938418 0.2319437 0.3119205 0.1995369 0.2099548 0.3346073 0.3040709 0.3128821 0.3875438 0.3875438 0.3922251 0.3906830 0.4110592 0.0000000 0.0993344 0.4057467 0.1549399 0.1147992 0.4017229 0.4231923 0.4192905 0.3380384 0.3176981 0.4158029 0.4091012 0.3782372 0.4076114 0.4210654 0.2996175 0.4974154 0.4200222 0.4561388 0.4101472 0.2125106 0.2585732 0.3285211 0.3288576 0.4894581 0.5110703 0.5879857 0.5759525
gi|1386580 0.2998644 0.2827797 0.2567505 0.2567505 0.3031524 0.2826539 0.2914496 0.3176244 0.2912619 0.2666357 0.3232620 0.2567505 0.3020698 0.3016823 0.3163068 0.2980200 0.3127714 0.2567505 0.3287376 0.2257536 0.2348727 0.3505858 0.3231148 0.3310520 0.4019855 0.4019855 0.4063691 0.4047343 0.4246882 0.0993344 0.0000000 0.4188397 0.1938689 0.1602214 0.4157790 0.4363668 0.4318496 0.3551983 0.3377822 0.4267411 0.4272160 0.3953813 0.4226565 0.4259248 0.3100868 0.5104528 0.4363692 0.4627271 0.4210527 0.2359814 0.2730820 0.3445179 0.3410273 0.4937967 0.5091325 0.5902123 0.5853358
gi|6168025 0.4491388 0.4520653 0.4416404 0.4416404 0.4568466 0.4491417 0.4637683 0.4489665 0.4403932 0.4534290 0.4277854 0.4416404 0.4150547 0.4608849 0.4273558 0.4444622 0.4504645 0.4416404 0.4184575 0.4042994 0.3626118 0.4039125 0.2589524 0.2675569 0.1088455 0.1088455 0.1088506 0.1782450 0.1092873 0.4057467 0.4188397 0.0000000 0.3595299 0.4240093 0.1133861 0.1658376 0.0920968 0.2967592 0.4130369 0.4238974 0.5044138 0.4134691 0.3898944 0.3827206 0.4700253 0.3329218 0.3546534 0.3917009 0.5514513 0.3859522 0.4500663 0.4495908 0.4499862 0.3493770 0.4130369 0.7459015 0.5804963
gi|5035416 0.3210158 0.3092167 0.2861864 0.2861864 0.3249064 0.3088069 0.3186940 0.3394323 0.2938990 0.2967624 0.3438047 0.2861864 0.3249011 0.3164856 0.3386452 0.3414299 0.3163594 0.2861864 0.3091220 0.2565073 0.2165237 0.3587214 0.2962398 0.2979992 0.3381925 0.3381925 0.3421326 0.3469772 0.3649941 0.1549399 0.1938689 0.3595299 0.0000000 0.1846994 0.3538024 0.3772480 0.3733549 0.3323904 0.3025247 0.3861646 0.4276819 0.3872985 0.4102035 0.4044345 0.3518232 0.4594650 0.4140081 0.4337931 0.4356886 0.2150422 0.3169486 0.3505976 0.3510400 0.4622296 0.4958361 0.6045824 0.5864068
gi|5838482 0.2926066 0.2781041 0.2495446 0.2495446 0.2996337 0.2810894 0.2866248 0.3157997 0.2920965 0.2593810 0.3200684 0.2495446 0.2990712 0.3037287 0.3168919 0.3119778 0.3157877 0.2495446 0.3202003 0.2275716 0.2203968 0.3500332 0.3143446 0.3301050 0.4053537 0.4053537 0.4089107 0.4071955 0.4279166 0.1147992 0.1602214 0.4240093 0.1846994 0.0000000 0.4196416 0.4377643 0.4360978 0.3499402 0.3027969 0.4331997 0.4187621 0.3670106 0.3988990 0.4390689 0.3310491 0.5173739 0.4329439 0.4606967 0.4060589 0.2189288 0.2944552 0.3202059 0.3200675 0.5007883 0.5206124 0.5857344 0.5743133
gi|6168045 0.4512305 0.4552342 0.4448030 0.4448030 0.4584525 0.4529321 0.4638236 0.4505089 0.4398943 0.4536062 0.4305658 0.4448030 0.4177128 0.4582141 0.4286666 0.4483448 0.4538344 0.4448030 0.4181513 0.3977244 0.3590046 0.4116595 0.2575215 0.2630320 0.0942542 0.0942542 0.1007560 0.1568695 0.1440662 0.4017229 0.4157790 0.1133861 0.3538024 0.4196416 0.0000000 0.1895786 0.1491967 0.2900416 0.4062007 0.4199611 0.5106637 0.4090960 0.3866574 0.3900051 0.4627771 0.3176943 0.3468905 0.3977466 0.5352756 0.3786254 0.4451820 0.4461861 0.4456062 0.3476710 0.4015896 0.7460698 0.5774622
gi|6168024 0.4662559 0.4721151 0.4623091 0.4623091 0.4791481 0.4693057 0.4828043 0.4698622 0.4602898 0.4730579 0.4464361 0.4623091 0.4344276 0.4785022 0.4466671 0.4658349 0.4897241 0.4623091 0.4413250 0.4166092 0.3833999 0.4222940 0.2917990 0.2851527 0.1651051 0.1651051 0.1687407 0.2273628 0.0911010 0.4231923 0.4363668 0.1658376 0.3772480 0.4377643 0.1895786 0.0000000 0.1909470 0.3309706 0.4372536 0.4593171 0.5210041 0.4395218 0.4138214 0.4177316 0.4961002 0.3522531 0.3712572 0.4155837 0.5748812 0.4072596 0.4735467 0.4708039 0.4704259 0.3705976 0.4307773 0.7572519 0.6104527
gi|6168046 0.4621617 0.4635380 0.4518386 0.4518386 0.4659612 0.4615557 0.4750883 0.4581809 0.4525928 0.4634795 0.4348272 0.4518386 0.4210798 0.4707037 0.4368017 0.4562688 0.4562335 0.4518386 0.4297573 0.4200869 0.3682372 0.4060221 0.2993774 0.3072620 0.1686395 0.1686395 0.1050614 0.2287476 0.1715957 0.4192905 0.4318496 0.0920968 0.3733549 0.4360978 0.1491967 0.1909470 0.0000000 0.3357132 0.4156702 0.4505557 0.5045841 0.4346311 0.3957023 0.3783383 0.4870264 0.3698238 0.3896805 0.3981040 0.5635565 0.4042281 0.4713975 0.4683399 0.4685970 0.3482969 0.4230188 0.7446302 0.5757924
gi|1011529 0.3816373 0.3853556 0.3764924 0.3764924 0.3883024 0.3812323 0.3801221 0.3816318 0.3675365 0.3710434 0.3950800 0.3764924 0.3852639 0.3859755 0.3916355 0.3754339 0.3907675 0.3764924 0.3549442 0.3131941 0.3406027 0.4189489 0.1756956 0.2246163 0.2716277 0.2716277 0.3022455 0.2073327 0.2952660 0.3380384 0.3551983 0.2967592 0.3323904 0.3499402 0.2900416 0.3309706 0.3357132 0.0000000 0.3619867 0.4158194 0.4715104 0.3723422 0.4242334 0.4006183 0.3515717 0.3741147 0.2951242 0.4098916 0.4759359 0.3129784 0.3387524 0.3585708 0.3572318 0.4034018 0.4423706 0.6885143 0.5678409
gi|5035417 0.3978539 0.3949616 0.3673236 0.3673236 0.3686353 0.3934106 0.4055511 0.3894572 0.3990448 0.3785846 0.4123207 0.3673236 0.3894875 0.4223673 0.4141353 0.4211212 0.4133346 0.3673236 0.3629924 0.3768523 0.2796806 0.4168478 0.3702231 0.3949929 0.4011815 0.4011815 0.3943448 0.4076775 0.4275782 0.3176981 0.3377822 0.4130369 0.3025247 0.3027969 0.4062007 0.4372536 0.4156702 0.3619867 0.0000000 0.4713957 0.4944391 0.3806527 0.3719752 0.4639197 0.4057699 0.5503226 0.4906076 0.5022572 0.4309068 0.3263610 0.4213936 0.4281554 0.4243426 0.4900320 0.5253608 0.7186734 0.5971146
gi|1002166 0.4517790 0.4464674 0.4252860 0.4252860 0.4543383 0.4401570 0.4539076 0.4675364 0.4348643 0.4330391 0.4600661 0.4252860 0.4403382 0.4586702 0.4438842 0.4703573 0.4519215 0.4252860 0.4641093 0.4277138 0.4060307 0.4563510 0.4005701 0.3979432 0.4105244 0.4105244 0.4294313 0.4087477 0.4318799 0.4158029 0.4267411 0.4238974 0.3861646 0.4331997 0.4199611 0.4593171 0.4505557 0.4158194 0.4713957 0.0000000 0.5773111 0.4538730 0.4753607 0.5298853 0.4338137 0.5272398 0.4953363 0.4854289 0.5621233 0.3670703 0.4209355 0.4579114 0.4554734 0.5562799 0.6015052 0.7364344 0.6481145
gi|1227483 0.3841296 0.3856893 0.3965643 0.3965643 0.3969330 0.3973420 0.3849964 0.4033928 0.3837863 0.3960419 0.4033680 0.3965643 0.4093595 0.3875438 0.4119844 0.4026360 0.3861405 0.3965643 0.3934496 0.3957731 0.4022563 0.4477673 0.4488195 0.4645985 0.5066081 0.5066081 0.4978735 0.4974185 0.5180023 0.4091012 0.4272160 0.5044138 0.4276819 0.4187621 0.5106637 0.5210041 0.5045841 0.4715104 0.4944391 0.5773111 0.0000000 0.5550420 0.5830225 0.4475564 0.4777888 0.5680957 0.5177935 0.4906787 0.5072415 0.4443144 0.4736268 0.4538273 0.4522889 0.4803403 0.5154154 0.6691283 0.5555159
gi|1011534 0.4633025 0.4612635 0.4406128 0.4406128 0.4893840 0.4579462 0.4720181 0.4834472 0.4699459 0.4518623 0.4781115 0.4406128 0.4566965 0.4896570 0.4748535 0.4506744 0.4890645 0.4406128 0.4430366 0.4006271 0.3873256 0.4482465 0.3064258 0.3390311 0.3960003 0.3960003 0.4092900 0.3982694 0.4163673 0.3782372 0.3953813 0.4134691 0.3872985 0.3670106 0.4090960 0.4395218 0.4346311 0.3723422 0.3806527 0.4538730 0.5550420 0.0000000 0.2052317 0.4910524 0.4493575 0.5588919 0.4927824 0.5116608 0.4502440 0.3285881 0.4051485 0.4338222 0.4276411 0.5409734 0.5673963 0.7468508 0.5954883
gi|1011526 0.4965649 0.4926592 0.4684742 0.4684742 0.5057772 0.4920812 0.5039000 0.5015881 0.5025462 0.4802465 0.4810334 0.4684742 0.4549774 0.5142838 0.4780958 0.5010792 0.5184937 0.4684742 0.4752167 0.4314946 0.3793392 0.4398058 0.3830185 0.4080896 0.3820911 0.3820911 0.3771562 0.4173008 0.4000948 0.4076114 0.4226565 0.3898944 0.4102035 0.3988990 0.3866574 0.4138214 0.3957023 0.4242334 0.3719752 0.4753607 0.5830225 0.2052317 0.0000000 0.4976510 0.4964994 0.5770277 0.5226723 0.5260416 0.4995376 0.3740308 0.4640129 0.4783939 0.4723716 0.5474451 0.5665084 0.7800808 0.6159441
gi|6366656 0.4574355 0.4641151 0.4569521 0.4569521 0.4738412 0.4582489 0.4657443 0.4679615 0.4522173 0.4586334 0.4540912 0.4569521 0.4446472 0.4664448 0.4573886 0.4400994 0.4489502 0.4569521 0.4467852 0.4086345 0.3981117 0.4512425 0.3770803 0.3859421 0.3917523 0.3917523 0.3755315 0.3795812 0.4088629 0.4210654 0.4259248 0.3827206 0.4044345 0.4390689 0.3900051 0.4177316 0.3783383 0.4006183 0.4639197 0.5298853 0.4475564 0.4910524 0.4976510 0.0000000 0.4898189 0.5137681 0.4847524 0.3539615 0.5364115 0.4377748 0.4804859 0.4915991 0.4858253 0.3985447 0.4586650 0.7119058 0.5628784
gi|1188287 0.3664703 0.3529401 0.3434700 0.3434700 0.3447021 0.3496619 0.3588495 0.3413212 0.3658670 0.3497875 0.3754943 0.3434700 0.3650359 0.3629071 0.3701721 0.3482644 0.3830940 0.3434700 0.3967547 0.3497257 0.3547078 0.4184977 0.3679144 0.3785981 0.4554919 0.4554919 0.4652584 0.4342078 0.4782714 0.2996175 0.3100868 0.4700253 0.3518232 0.3310491 0.4627771 0.4961002 0.4870264 0.3515717 0.4057699 0.4338137 0.4777888 0.4493575 0.4964994 0.4898189 0.0000000 0.5107359 0.4344188 0.5065683 0.4905518 0.2569691 0.1320495 0.2923084 0.2915949 0.5301141 0.5628614 0.6054797 0.5998170
gi|1011526 0.5112378 0.5172578 0.5265874 0.5265874 0.5208419 0.5188366 0.5214199 0.5138623 0.4991814 0.5309245 0.5003587 0.5265874 0.5077402 0.5069726 0.4956673 0.5119209 0.5264936 0.5265874 0.4995009 0.4734061 0.4781031 0.5295978 0.3686788 0.3591990 0.3084321 0.3084321 0.3384676 0.3026033 0.3232802 0.4974154 0.5104528 0.3329218 0.4594650 0.5173739 0.3176943 0.3522531 0.3698238 0.3741147 0.5503226 0.5272398 0.5680957 0.5588919 0.5770277 0.5137681 0.5107359 0.0000000 0.2090798 0.5030666 0.6450351 0.4820040 0.5013534 0.4935894 0.4967835 0.4601121 0.4777920 0.7464462 0.6589684
gi|1011534 0.4241536 0.4295249 0.4420188 0.4420188 0.4393534 0.4324156 0.4323905 0.4320927 0.4226147 0.4448662 0.4165232 0.4420188 0.4267120 0.4256271 0.4158365 0.4217079 0.4553301 0.4420188 0.4264089 0.3768949 0.4047165 0.4561749 0.2829154 0.3083504 0.3359994 0.3359994 0.3633320 0.3239359 0.3443191 0.4200222 0.4363692 0.3546534 0.4140081 0.4329439 0.3468905 0.3712572 0.3896805 0.2951242 0.4906076 0.4953363 0.5177935 0.4927824 0.5226723 0.4847524 0.4344188 0.2090798 0.0000000 0.4651135 0.5797477 0.4110904 0.4184507 0.4067575 0.4091996 0.4680230 0.4774856 0.6880052 0.6119482
gi|6366656 0.4732074 0.4871274 0.4806538 0.4806538 0.4985426 0.4815200 0.4896243 0.4916672 0.4764542 0.4831397 0.4732135 0.4806538 0.4664058 0.4930325 0.4770640 0.4639697 0.4820408 0.4806538 0.4601897 0.4337292 0.4361571 0.4526249 0.3795917 0.3925548 0.3947202 0.3947202 0.3897841 0.3904876 0.4055971 0.4561388 0.4627271 0.3917009 0.4337931 0.4606967 0.3977466 0.4155837 0.3981040 0.4098916 0.5022572 0.4854289 0.4906787 0.5116608 0.5260416 0.3539615 0.5065683 0.5030666 0.4651135 0.0000000 0.5648114 0.4363931 0.4934847 0.4857309 0.4801643 0.4269387 0.4920982 0.7184685 0.5870323
gi|913749| 0.4240765 0.4198578 0.4281817 0.4281817 0.4379348 0.4329793 0.4150487 0.4536922 0.4110856 0.4235635 0.4613536 0.4281817 0.4676976 0.4295038 0.4715139 0.4493552 0.4182985 0.4281817 0.3820092 0.4287687 0.4144430 0.4828901 0.4533049 0.4752527 0.5361009 0.5361009 0.5422535 0.5213926 0.5606337 0.4101472 0.4210527 0.5514513 0.4356886 0.4060589 0.5352756 0.5748812 0.5635565 0.4759359 0.4309068 0.5621233 0.5072415 0.4502440 0.4995376 0.5364115 0.4905518 0.6450351 0.5797477 0.5648114 0.0000000 0.3982426 0.4755433 0.4503522 0.4471668 0.5638435 0.5826368 0.7587917 0.5860419
gi|8511881 0.3337603 0.3237107 0.3060152 0.3060152 0.3440671 0.3211055 0.3312253 0.3538855 0.3217987 0.3143510 0.3605538 0.3060152 0.3450574 0.3336926 0.3536603 0.3469970 0.3415484 0.3060152 0.3174719 0.2731053 0.2531478 0.3578671 0.2819955 0.3001275 0.3650743 0.3650743 0.3755914 0.3633238 0.3898657 0.2125106 0.2359814 0.3859522 0.2150422 0.2189288 0.3786254 0.4072596 0.4042281 0.3129784 0.3263610 0.3670703 0.4443144 0.3285881 0.3740308 0.4377748 0.2569691 0.4820040 0.4110904 0.4363931 0.3982426 0.0000000 0.2151276 0.2391535 0.2395637 0.4749000 0.5044272 0.5897055 0.5439132
gi|1188286 0.3548672 0.3413775 0.3297430 0.3297430 0.3609789 0.3384916 0.3470753 0.3547253 0.3531947 0.3360601 0.3745316 0.3297430 0.3613563 0.3475585 0.3660053 0.3405385 0.3717364 0.3297430 0.3875179 0.3047452 0.3487172 0.3994365 0.3291670 0.3426436 0.4325327 0.4325327 0.4468950 0.4173562 0.4538566 0.2585732 0.2730820 0.4500663 0.3169486 0.2944552 0.4451820 0.4735467 0.4713975 0.3387524 0.4213936 0.4209355 0.4736268 0.4051485 0.4640129 0.4804859 0.1320495 0.5013534 0.4184507 0.4934847 0.4755433 0.2151276 0.0000000 0.2614454 0.2608812 0.5263041 0.5534175 0.6060358 0.5929774
gi|4963623 0.3580285 0.3536515 0.3616060 0.3616060 0.3719929 0.3620043 0.3580636 0.3759073 0.3553203 0.3662147 0.3819236 0.3616060 0.3872844 0.3421293 0.3729102 0.3786834 0.3721567 0.3616060 0.3462161 0.3219802 0.3478388 0.3931011 0.3427189 0.3675980 0.4378096 0.4378096 0.4485162 0.4263821 0.4536789 0.3285211 0.3445179 0.4495908 0.3505976 0.3202059 0.4461861 0.4708039 0.4683399 0.3585708 0.4281554 0.4579114 0.4538273 0.4338222 0.4783939 0.4915991 0.2923084 0.4935894 0.4067575 0.4857309 0.4503522 0.2391535 0.2614454 0.0000000 0.0834357 0.5081141 0.5350658 0.6086389 0.5384472
gi|5035033 0.3606243 0.3566852 0.3637351 0.3637351 0.3744941 0.3652032 0.3610716 0.3780270 0.3585717 0.3683223 0.3840618 0.3637351 0.3886083 0.3446747 0.3747348 0.3824501 0.3756646 0.3637351 0.3489803 0.3226760 0.3375099 0.4000161 0.3412908 0.3673466 0.4374034 0.4374034 0.4479916 0.4262257 0.4537424 0.3288576 0.3410273 0.4499862 0.3510400 0.3200675 0.4456062 0.4704259 0.4685970 0.3572318 0.4243426 0.4554734 0.4522889 0.4276411 0.4723716 0.4858253 0.2915949 0.4967835 0.4091996 0.4801643 0.4471668 0.2395637 0.2608812 0.0834357 0.0000000 0.5032816 0.5207463 0.6180949 0.5437088
gi|6366656 0.5047212 0.5136060 0.5057327 0.5057327 0.5141362 0.5069159 0.5158411 0.5039759 0.4962375 0.5077415 0.4968035 0.5057327 0.4868668 0.5110402 0.4929463 0.4969112 0.5028781 0.5057327 0.4723566 0.4714300 0.4462594 0.4921791 0.3900049 0.3973669 0.3597467 0.3597467 0.3454689 0.3475490 0.3643405 0.4894581 0.4937967 0.3493770 0.4622296 0.5007883 0.3476710 0.3705976 0.3482969 0.4034018 0.4900320 0.5562799 0.4803403 0.5409734 0.5474451 0.3985447 0.5301141 0.4601121 0.4680230 0.4269387 0.5638435 0.4749000 0.5263041 0.5081141 0.5032816 0.0000000 0.3455333 0.7662142 0.5602620
gi|3399611 0.5362581 0.5386158 0.5328608 0.5328608 0.5442881 0.5327647 0.5422094 0.5375639 0.5254694 0.5363770 0.5252005 0.5328608 0.5166287 0.5341544 0.5166147 0.5258158 0.5341603 0.5328608 0.4945277 0.5092318 0.4744677 0.5201228 0.4269156 0.4435664 0.4082596 0.4082596 0.4097614 0.4077421 0.4214805 0.5110703 0.5091325 0.4130369 0.4958361 0.5206124 0.4015896 0.4307773 0.4230188 0.4423706 0.5253608 0.6015052 0.5154154 0.5673963 0.5665084 0.4586650 0.5628614 0.4777920 0.4774856 0.4920982 0.5826368 0.5044272 0.5534175 0.5350658 0.5207463 0.3455333 0.0000000 0.7815121 0.5953756
gi|5838477 0.6338322 0.6166755 0.6177325 0.6177325 0.6249063 0.6208667 0.6147258 0.6216335 0.6147324 0.6158910 0.6242385 0.6177325 0.6251904 0.6067072 0.6220291 0.6069237 0.6225229 0.6177325 0.6327833 0.6132690 0.6108700 0.6555993 0.6713766 0.6733508 0.7433989 0.7433989 0.7364974 0.7302891 0.7552407 0.5879857 0.5902123 0.7459015 0.6045824 0.5857344 0.7460698 0.7572519 0.7446302 0.6885143 0.7186734 0.7364344 0.6691283 0.7468508 0.7800808 0.7119058 0.6054797 0.7464462 0.6880052 0.7184685 0.7587917 0.5897055 0.6060358 0.6086389 0.6180949 0.7662142 0.7815121 0.0000000 0.7718967
gi|1062630 0.5735867 0.5659472 0.5721156 0.5721156 0.5756723 0.5676271 0.5690689 0.5741042 0.5604861 0.5749640 0.5680752 0.5721156 0.5722343 0.5670407 0.5659582 0.5564447 0.5537908 0.5721156 0.5266030 0.5641193 0.5487267 0.5660901 0.5444721 0.5675611 0.5894468 0.5894468 0.5763030 0.5875778 0.6017988 0.5759525 0.5853358 0.5804963 0.5864068 0.5743133 0.5774622 0.6104527 0.5757924 0.5678409 0.5971146 0.6481145 0.5555159 0.5954883 0.6159441 0.5628784 0.5998170 0.6589684 0.6119482 0.5870323 0.5860419 0.5439132 0.5929774 0.5384472 0.5437088 0.5602620 0.5953756 0.7718967 0.0000000
