   57
gi|1427799 0.0000000 0.1558442 0.2051282 0.2051282 0.1578947 0.2025316 0.1578947 0.2051282 0.1578947 0.2077922 0.2051282 0.2051282 0.2750000 0.2025316 0.3132530 0.3294118 0.2051282 0.2051282 0.2025316 0.3953488 0.3132530 0.3953488 0.5000000 0.5000000 0.4615385 0.4615385 0.4946237 0.4494382 0.4946237 0.3863636 0.3863636 0.4946237 0.3764706 0.3720930 0.5161290 0.5263158 0.5208333 0.5054945 0.4146341 0.6060606 0.6415094 0.5454545 0.5581395 0.6727273 0.5473684 0.5909091 0.6222222 0.6788991 0.4675325 0.5054945 0.5416667 0.5510204 0.5510204 0.7610619 0.7826087 0.6842105 0.8793103
gi|4976778 0.1558442 0.0000000 0.1600000 0.1600000 0.1095890 0.1578947 0.1095890 0.1600000 0.1095890 0.1621622 0.1600000 0.1600000 0.2337662 0.1578947 0.2750000 0.2926829 0.1600000 0.1600000 0.1818182 0.4367816 0.2750000 0.4000000 0.5052632 0.5052632 0.4666667 0.4666667 0.5000000 0.4545455 0.5000000 0.3720930 0.3720930 0.5000000 0.3614458 0.3571429 0.5217391 0.5319149 0.5263158 0.5111111 0.4000000 0.6122449 0.6476190 0.5517241 0.5476190 0.6788991 0.5376344 0.5977011 0.6292135 0.6851852 0.4533333 0.5111111 0.5319149 0.5416667 0.5416667 0.7678571 0.7787611 0.6756757 0.8869565
gi|1381585 0.2051282 0.1600000 0.0000000 0.1111111 0.1866667 0.1600000 0.1621622 0.2337662 0.1621622 0.1126761 0.2337662 0.1111111 0.2133333 0.2077922 0.2564103 0.2962963 0.2105263 0.1111111 0.2307692 0.4047619 0.2564103 0.3658537 0.4946237 0.4946237 0.4367816 0.4367816 0.4719101 0.4235294 0.4719101 0.3373494 0.3373494 0.4719101 0.3250000 0.3209877 0.4943820 0.5054945 0.5000000 0.5000000 0.3846154 0.5894737 0.6792453 0.5411765 0.5185185 0.6603774 0.5274725 0.6046512 0.6206897 0.6666667 0.4800000 0.4827586 0.5054945 0.5319149 0.5319149 0.7522936 0.7636364 0.6666667 0.8947368
gi|4976759 0.2051282 0.1600000 0.1111111 0.0000000 0.1866667 0.1600000 0.1621622 0.2337662 0.1621622 0.1126761 0.2337662 0.1111111 0.2133333 0.2077922 0.2564103 0.2962963 0.2105263 0.1111111 0.2307692 0.4047619 0.2564103 0.3658537 0.4946237 0.4946237 0.4367816 0.4367816 0.4719101 0.4235294 0.4719101 0.3373494 0.3373494 0.4719101 0.3250000 0.3209877 0.4943820 0.5054945 0.5000000 0.5000000 0.3846154 0.5894737 0.6792453 0.5411765 0.5185185 0.6603774 0.5274725 0.6046512 0.6206897 0.6666667 0.4800000 0.4827586 0.5054945 0.5319149 0.5319149 0.7522936 0.7636364 0.6666667 0.8947368
gi|5021171 0.1578947 0.1095890 0.1866667 0.1866667 0.0000000 0.1842105 0.1111111 0.1621622 0.1111111 0.1891892 0.1621622 0.1866667 0.2368421 0.1600000 0.2784810 0.3170732 0.1621622 0.1866667 0.1842105 0.4418605 0.2784810 0.4047619 0.5106383 0.5106383 0.4719101 0.4719101 0.5054945 0.4597701 0.5054945 0.3953488 0.3953488 0.5054945 0.3855422 0.3614458 0.5274725 0.5376344 0.5319149 0.5168539 0.3846154 0.6185567 0.6538462 0.5581395 0.5542169 0.6851852 0.5274725 0.6046512 0.6363636 0.6915888 0.4594595 0.5168539 0.5531915 0.5625000 0.5625000 0.7747748 0.7857143 0.6849315 0.8947368
gi|1062516 0.2025316 0.1578947 0.1600000 0.1600000 0.1842105 0.0000000 0.1600000 0.2307692 0.1600000 0.1621622 0.2307692 0.1600000 0.2564103 0.2051282 0.2962963 0.2500000 0.2077922 0.1600000 0.2278481 0.4367816 0.2962963 0.4000000 0.5208333 0.5208333 0.4666667 0.4666667 0.5000000 0.4545455 0.5000000 0.3720930 0.3720930 0.5000000 0.3614458 0.3571429 0.5217391 0.5319149 0.5263158 0.5274725 0.4197531 0.6122449 0.6728972 0.5681818 0.5476190 0.6788991 0.5531915 0.5977011 0.6292135 0.6851852 0.4935065 0.5111111 0.5319149 0.5416667 0.5416667 0.7567568 0.7787611 0.6756757 0.8869565
gi|3891959 0.1578947 0.1095890 0.1621622 0.1621622 0.1111111 0.1600000 0.0000000 0.1621622 0.0845070 0.1643836 0.1621622 0.1621622 0.2133333 0.1600000 0.2564103 0.2962963 0.1369863 0.1621622 0.1600000 0.4418605 0.2784810 0.4047619 0.5106383 0.5106383 0.4545455 0.4545455 0.4888889 0.4418605 0.4888889 0.3764706 0.3764706 0.4888889 0.3658537 0.3614458 0.5111111 0.5217391 0.5161290 0.5168539 0.4050633 0.6185567 0.6407767 0.5581395 0.5542169 0.6728972 0.5434783 0.5882353 0.6363636 0.6915888 0.4594595 0.5168539 0.5376344 0.5473684 0.5473684 0.7636364 0.7747748 0.6666667 0.8849558
gi|5043250 0.2051282 0.1600000 0.2337662 0.2337662 0.1621622 0.2307692 0.1621622 0.0000000 0.1621622 0.2368421 0.1111111 0.2337662 0.1891892 0.2077922 0.2337662 0.2750000 0.2105263 0.2337662 0.2307692 0.4772727 0.3209877 0.3658537 0.4782609 0.4782609 0.4367816 0.4367816 0.4719101 0.4235294 0.4719101 0.4318182 0.4318182 0.4719101 0.4235294 0.4000000 0.4943820 0.5054945 0.5000000 0.4827586 0.4250000 0.6464646 0.6792453 0.5238095 0.5185185 0.6603774 0.5274725 0.5882353 0.6206897 0.6666667 0.5000000 0.5494505 0.5531915 0.5918367 0.5918367 0.7522936 0.7747748 0.6849315 0.8947368
gi|1578315 0.1578947 0.1095890 0.1621622 0.1621622 0.1111111 0.1600000 0.0845070 0.1621622 0.0000000 0.1388889 0.1621622 0.1621622 0.2133333 0.1351351 0.2564103 0.2962963 0.1111111 0.1621622 0.1351351 0.4235294 0.2784810 0.4047619 0.5106383 0.5106383 0.4545455 0.4545455 0.4888889 0.4235294 0.4888889 0.3764706 0.3764706 0.4888889 0.3658537 0.3614458 0.5111111 0.5217391 0.5161290 0.5168539 0.4050633 0.6185567 0.6274510 0.5581395 0.5542169 0.6603774 0.5434783 0.5882353 0.6363636 0.6792453 0.4383562 0.5168539 0.5376344 0.5473684 0.5473684 0.7522936 0.7636364 0.6478873 0.8849558
gi|5542098 0.2077922 0.1621622 0.1126761 0.1126761 0.1891892 0.1621622 0.1643836 0.2368421 0.1388889 0.0000000 0.2368421 0.1126761 0.1917808 0.2105263 0.2368421 0.3000000 0.1891892 0.1126761 0.2105263 0.4096386 0.2597403 0.3703704 0.5000000 0.5000000 0.4235294 0.4235294 0.4597701 0.4096386 0.4597701 0.3414634 0.3414634 0.4597701 0.3291139 0.3250000 0.4827586 0.4943820 0.4888889 0.5057471 0.3896104 0.5957447 0.6730769 0.5476190 0.5250000 0.6538462 0.5333333 0.5952381 0.6279070 0.6730769 0.4864865 0.4883721 0.5111111 0.5376344 0.5376344 0.7476636 0.7592593 0.6571429 0.8928571
gi|5027183 0.2051282 0.1600000 0.2337662 0.2337662 0.1621622 0.2307692 0.1621622 0.1111111 0.1621622 0.2368421 0.0000000 0.2337662 0.1643836 0.2077922 0.2105263 0.2750000 0.2105263 0.2337662 0.2307692 0.4772727 0.3209877 0.3658537 0.4615385 0.4615385 0.4367816 0.4367816 0.4719101 0.4235294 0.4719101 0.4318182 0.4318182 0.4719101 0.4235294 0.4000000 0.4772727 0.5054945 0.5000000 0.4827586 0.4444444 0.6464646 0.6792453 0.5238095 0.5185185 0.6476190 0.5434783 0.5882353 0.6046512 0.6666667 0.5000000 0.5333333 0.5531915 0.5918367 0.5918367 0.7522936 0.7747748 0.6849315 0.8947368
gi|1009083 0.2051282 0.1600000 0.1111111 0.1111111 0.1866667 0.1600000 0.1621622 0.2337662 0.1621622 0.1126761 0.2337662 0.0000000 0.2133333 0.2077922 0.2564103 0.2962963 0.2105263 0.1111111 0.2307692 0.4047619 0.2564103 0.3658537 0.4946237 0.4946237 0.4367816 0.4367816 0.4719101 0.4235294 0.4719101 0.3373494 0.3373494 0.4719101 0.3250000 0.3209877 0.4943820 0.5054945 0.5000000 0.5000000 0.3846154 0.5894737 0.6792453 0.5411765 0.5185185 0.6603774 0.5274725 0.6046512 0.6206897 0.6666667 0.4800000 0.4827586 0.5054945 0.5319149 0.5319149 0.7522936 0.7636364 0.6666667 0.8947368
gi|5021144 0.2750000 0.2337662 0.2133333 0.2133333 0.2368421 0.2564103 0.2133333 0.1891892 0.2133333 0.1917808 0.1643836 0.2133333 0.0000000 0.2564103 0.1643836 0.3000000 0.2597403 0.2133333 0.2784810 0.4470588 0.2820513 0.3291139 0.4494382 0.4494382 0.4047619 0.4047619 0.4418605 0.3902439 0.4418605 0.4186047 0.4186047 0.4418605 0.4096386 0.3855422 0.4470588 0.4772727 0.4719101 0.4705882 0.4303797 0.6250000 0.7102804 0.5121951 0.4871795 0.6274510 0.5333333 0.5952381 0.6117647 0.6470588 0.5263158 0.5227273 0.5274725 0.5833333 0.5833333 0.7358491 0.7592593 0.6944444 0.9026549
gi|1147936 0.2025316 0.1578947 0.2077922 0.2077922 0.1600000 0.2051282 0.1600000 0.2077922 0.1351351 0.2105263 0.2077922 0.2077922 0.2564103 0.0000000 0.2531646 0.3333333 0.1842105 0.2077922 0.2051282 0.4367816 0.3170732 0.4367816 0.5360825 0.5360825 0.4835165 0.4835165 0.5161290 0.4719101 0.5161290 0.4090909 0.4090909 0.5161290 0.4000000 0.3953488 0.5376344 0.5473684 0.5416667 0.5434783 0.4390244 0.6400000 0.6603774 0.5842697 0.5813953 0.6909091 0.5684211 0.5813953 0.6292135 0.7090909 0.4935065 0.5434783 0.5625000 0.5416667 0.5416667 0.7787611 0.7894737 0.6575342 0.8771930
gi|5053946 0.3132530 0.2750000 0.2564103 0.2564103 0.2784810 0.2962963 0.2564103 0.2337662 0.2564103 0.2368421 0.2105263 0.2564103 0.1643836 0.2531646 0.0000000 0.3373494 0.3000000 0.2564103 0.3170732 0.4772727 0.3209877 0.3658537 0.4782609 0.4782609 0.4367816 0.4367816 0.4719101 0.4235294 0.4719101 0.4494382 0.4494382 0.4719101 0.4418605 0.4186047 0.4772727 0.5054945 0.5000000 0.5000000 0.4634146 0.6464646 0.7272727 0.5411765 0.5185185 0.6476190 0.5591398 0.6046512 0.6206897 0.6666667 0.5569620 0.5494505 0.5531915 0.5773196 0.5773196 0.7522936 0.7747748 0.6849315 0.8947368
gi|1062516 0.3294118 0.2926829 0.2962963 0.2962963 0.3170732 0.2500000 0.2962963 0.2750000 0.2962963 0.3000000 0.2750000 0.2962963 0.3000000 0.3333333 0.3373494 0.0000000 0.3373494 0.2962963 0.3529412 0.4545455 0.4137931 0.4000000 0.4222222 0.4222222 0.4318182 0.4318182 0.4666667 0.4000000 0.4666667 0.4090909 0.4090909 0.4666667 0.4367816 0.4318182 0.4888889 0.5000000 0.4946237 0.4597701 0.4941176 0.6666667 0.7207207 0.5000000 0.5476190 0.6415094 0.5376344 0.5476190 0.5813953 0.6346154 0.5679012 0.5744681 0.5161290 0.5858586 0.5858586 0.7222222 0.7678571 0.6756757 0.8869565
gi|1578301 0.2051282 0.1600000 0.2105263 0.2105263 0.1621622 0.2077922 0.1369863 0.2105263 0.1111111 0.1891892 0.2105263 0.2105263 0.2597403 0.1842105 0.3000000 0.3373494 0.0000000 0.2105263 0.1842105 0.4597701 0.3209877 0.4418605 0.5416667 0.5416667 0.4888889 0.4888889 0.5217391 0.4597701 0.4888889 0.4137931 0.4137931 0.4888889 0.4047619 0.4000000 0.5434783 0.5217391 0.5161290 0.5494505 0.4444444 0.6326531 0.6274510 0.5909091 0.5882353 0.6728972 0.5744681 0.6206897 0.6666667 0.6915888 0.4800000 0.5494505 0.5684211 0.5773196 0.5773196 0.7522936 0.7636364 0.6478873 0.8849558
gi|1130619 0.2051282 0.1600000 0.1111111 0.1111111 0.1866667 0.1600000 0.1621622 0.2337662 0.1621622 0.1126761 0.2337662 0.1111111 0.2133333 0.2077922 0.2564103 0.2962963 0.2105263 0.0000000 0.2307692 0.4047619 0.2564103 0.3658537 0.4946237 0.4946237 0.4367816 0.4367816 0.4719101 0.4235294 0.4719101 0.3373494 0.3373494 0.4719101 0.3250000 0.3209877 0.4943820 0.5054945 0.5000000 0.5000000 0.3846154 0.5894737 0.6792453 0.5411765 0.5185185 0.6603774 0.5274725 0.6046512 0.6206897 0.6666667 0.4800000 0.4827586 0.5054945 0.5319149 0.5319149 0.7522936 0.7636364 0.6666667 0.8947368
gi|1094959 0.2025316 0.1818182 0.2307692 0.2307692 0.1842105 0.2278481 0.1600000 0.2307692 0.1351351 0.2105263 0.2307692 0.2307692 0.2784810 0.2051282 0.3170732 0.3529412 0.1842105 0.2307692 0.0000000 0.4367816 0.3373494 0.4186047 0.5052632 0.5360825 0.4835165 0.4835165 0.5161290 0.4545455 0.5161290 0.3908046 0.3908046 0.5161290 0.3809524 0.3764706 0.5217391 0.5473684 0.5416667 0.5111111 0.4197531 0.6122449 0.6476190 0.5681818 0.5647059 0.6542056 0.5531915 0.6136364 0.6292135 0.6851852 0.4533333 0.5111111 0.5473684 0.5567010 0.5567010 0.7678571 0.7678571 0.6575342 0.8869565
gi|1386577 0.3953488 0.4367816 0.4047619 0.4047619 0.4418605 0.4367816 0.4418605 0.4772727 0.4235294 0.4096386 0.4772727 0.4047619 0.4470588 0.4367816 0.4772727 0.4545455 0.4597701 0.4047619 0.4367816 0.0000000 0.3037975 0.5000000 0.3764706 0.3764706 0.3250000 0.3250000 0.3658537 0.3076923 0.3658537 0.2564103 0.3414634 0.3658537 0.2631579 0.2368421 0.3902439 0.4047619 0.4000000 0.4146341 0.3243243 0.5494505 0.7454545 0.4556962 0.4473684 0.6138614 0.4651163 0.5250000 0.5609756 0.6470588 0.6172840 0.4146341 0.4597701 0.4545455 0.4545455 0.6862745 0.7238095 0.6944444 0.9026549
gi|4992873 0.3132530 0.2750000 0.2564103 0.2564103 0.2784810 0.2962963 0.2784810 0.3209877 0.2784810 0.2597403 0.3209877 0.2564103 0.2820513 0.3170732 0.3209877 0.4137931 0.3209877 0.2564103 0.3373494 0.3037975 0.0000000 0.4597701 0.3720930 0.3720930 0.3414634 0.3414634 0.3809524 0.3250000 0.3809524 0.2531646 0.3373494 0.3809524 0.2368421 0.2105263 0.3855422 0.4186047 0.4137931 0.4096386 0.2500000 0.5111111 0.7037037 0.4303797 0.4210526 0.6078431 0.4235294 0.5714286 0.5882353 0.6407767 0.5384615 0.3703704 0.4367816 0.4666667 0.4666667 0.7047619 0.7289720 0.6849315 0.9043478
gi|9391519 0.3953488 0.4000000 0.3658537 0.3658537 0.4047619 0.4000000 0.4047619 0.3658537 0.4047619 0.3703704 0.3658537 0.3658537 0.3291139 0.4367816 0.3658537 0.4000000 0.4418605 0.3658537 0.4186047 0.5000000 0.4597701 0.0000000 0.4494382 0.4835165 0.4597701 0.4597701 0.4943820 0.4470588 0.4943820 0.4367816 0.4186047 0.4943820 0.4470588 0.4047619 0.5000000 0.5111111 0.5217391 0.4705882 0.4878049 0.6105263 0.7454545 0.5301205 0.5250000 0.6407767 0.4827586 0.6436782 0.6279070 0.6730769 0.6000000 0.4523810 0.4943820 0.5684211 0.5684211 0.7476636 0.7592593 0.6944444 0.9026549
gi|4995965 0.5000000 0.5052632 0.4946237 0.4946237 0.5106383 0.5208333 0.5106383 0.4782609 0.5106383 0.5000000 0.4615385 0.4946237 0.4494382 0.5360825 0.4782609 0.4222222 0.5416667 0.4946237 0.5052632 0.3764706 0.3720930 0.4494382 0.0000000 0.2000000 0.2278481 0.2278481 0.2716049 0.2077922 0.2716049 0.3678161 0.4395604 0.2716049 0.3764706 0.3529412 0.2750000 0.3132530 0.3095238 0.1621622 0.4146341 0.5319149 0.7692308 0.2933333 0.3684211 0.5686275 0.4137931 0.4691358 0.4102564 0.5882353 0.6590909 0.4000000 0.4090909 0.4893617 0.4893617 0.6407767 0.6792453 0.7012987 0.9075630
gi|5660469 0.5000000 0.5052632 0.4946237 0.4946237 0.5106383 0.5208333 0.5106383 0.4782609 0.5106383 0.5000000 0.4615385 0.4946237 0.4494382 0.5360825 0.4782609 0.4222222 0.5416667 0.4946237 0.5360825 0.3764706 0.3720930 0.4835165 0.2000000 0.0000000 0.2278481 0.2278481 0.2716049 0.2077922 0.2716049 0.3678161 0.4222222 0.2716049 0.3953488 0.3908046 0.2750000 0.3132530 0.3095238 0.2564103 0.4523810 0.5473684 0.7478261 0.3376623 0.4102564 0.5686275 0.4137931 0.4691358 0.4878049 0.5882353 0.6888889 0.4367816 0.4090909 0.5208333 0.5208333 0.6407767 0.6538462 0.7012987 0.8983051
gi|7353547 0.4615385 0.4666667 0.4367816 0.4367816 0.4719101 0.4666667 0.4545455 0.4367816 0.4545455 0.4235294 0.4367816 0.4367816 0.4047619 0.4835165 0.4367816 0.4318182 0.4888889 0.4367816 0.4835165 0.3250000 0.3414634 0.4597701 0.2278481 0.2278481 0.0000000 0.1111111 0.1621622 0.1388889 0.1621622 0.2962963 0.3764706 0.1621622 0.3250000 0.3209877 0.1643836 0.2105263 0.2077922 0.2162162 0.4050633 0.5274725 0.7500000 0.3896104 0.3098592 0.5360825 0.3855422 0.4415584 0.4615385 0.5567010 0.6428571 0.3703704 0.3809524 0.4835165 0.4835165 0.6122449 0.6534653 0.6849315 0.9043478
gi|4995962 0.4615385 0.4666667 0.4367816 0.4367816 0.4719101 0.4666667 0.4545455 0.4367816 0.4545455 0.4235294 0.4367816 0.4367816 0.4047619 0.4835165 0.4367816 0.4318182 0.4888889 0.4367816 0.4835165 0.3250000 0.3414634 0.4597701 0.2278481 0.2278481 0.1111111 0.0000000 0.1621622 0.1388889 0.1621622 0.2962963 0.3764706 0.1621622 0.3250000 0.3209877 0.1643836 0.2105263 0.2077922 0.2162162 0.4050633 0.5274725 0.7500000 0.3896104 0.3098592 0.5360825 0.3855422 0.4415584 0.4615385 0.5567010 0.6428571 0.3703704 0.3809524 0.4835165 0.4835165 0.6122449 0.6534653 0.6849315 0.9043478
gi|6168025 0.4946237 0.5000000 0.4719101 0.4719101 0.5054945 0.5000000 0.4888889 0.4719101 0.4888889 0.4597701 0.4719101 0.4719101 0.4418605 0.5161290 0.4719101 0.4666667 0.5217391 0.4719101 0.5161290 0.3658537 0.3809524 0.4943820 0.2716049 0.2716049 0.1621622 0.1621622 0.0000000 0.1891892 0.2105263 0.3373494 0.4137931 0.2105263 0.3658537 0.3614458 0.2133333 0.2105263 0.1600000 0.2631579 0.4444444 0.5591398 0.7500000 0.4303797 0.3561644 0.5360825 0.4235294 0.4810127 0.5000000 0.5567010 0.6744186 0.4096386 0.4186047 0.5161290 0.5161290 0.5833333 0.6534653 0.6849315 0.9043478
gi|1578337 0.4494382 0.4545455 0.4235294 0.4235294 0.4597701 0.4545455 0.4418605 0.4235294 0.4235294 0.4096386 0.4235294 0.4235294 0.3902439 0.4719101 0.4235294 0.4000000 0.4597701 0.4235294 0.4545455 0.3076923 0.3250000 0.4470588 0.2077922 0.2077922 0.1388889 0.1388889 0.1891892 0.0000000 0.1891892 0.3000000 0.3809524 0.1891892 0.3291139 0.3250000 0.1917808 0.2368421 0.2337662 0.2191781 0.3684211 0.5168539 0.7339450 0.3733333 0.3380282 0.5263158 0.3703704 0.4054054 0.4473684 0.5625000 0.6341463 0.3950617 0.3658537 0.4719101 0.4719101 0.6185567 0.6464646 0.6944444 0.9026549
gi|6168024 0.4946237 0.5000000 0.4719101 0.4719101 0.5054945 0.5000000 0.4888889 0.4719101 0.4888889 0.4597701 0.4719101 0.4719101 0.4418605 0.5161290 0.4719101 0.4666667 0.4888889 0.4719101 0.5161290 0.3658537 0.3809524 0.4943820 0.2716049 0.2716049 0.1621622 0.1621622 0.2105263 0.1891892 0.0000000 0.3373494 0.4137931 0.1621622 0.3658537 0.3614458 0.2133333 0.1621622 0.2077922 0.2631579 0.4444444 0.5591398 0.7610619 0.4303797 0.3561644 0.5510204 0.4235294 0.4810127 0.5000000 0.5416667 0.6744186 0.4096386 0.4186047 0.5161290 0.5161290 0.6122449 0.6534653 0.7027027 0.9043478
gi|5035429 0.3863636 0.3720930 0.3373494 0.3373494 0.3953488 0.3720930 0.3764706 0.4318182 0.3764706 0.3414634 0.4318182 0.3373494 0.4186047 0.4090909 0.4494382 0.4090909 0.4137931 0.3373494 0.3908046 0.2564103 0.2531646 0.4367816 0.3678161 0.3678161 0.2962963 0.2962963 0.3373494 0.3000000 0.3373494 0.0000000 0.1578947 0.3373494 0.1111111 0.1351351 0.3614458 0.3764706 0.3720930 0.3658537 0.2933333 0.5054945 0.7433628 0.4250000 0.3947368 0.6019417 0.3614458 0.5476190 0.5813953 0.6213592 0.5500000 0.3037975 0.2962963 0.4090909 0.4090909 0.6730769 0.6857143 0.6575342 0.8965517
gi|1386580 0.3863636 0.3720930 0.3373494 0.3373494 0.3953488 0.3720930 0.3764706 0.4318182 0.3764706 0.3414634 0.4318182 0.3373494 0.4186047 0.4090909 0.4494382 0.4090909 0.4137931 0.3373494 0.3908046 0.3414634 0.3373494 0.4186047 0.4395604 0.4222222 0.3764706 0.3764706 0.4137931 0.3809524 0.4137931 0.1578947 0.0000000 0.4137931 0.2105263 0.2307692 0.4367816 0.4494382 0.4444444 0.4418605 0.3797468 0.5684211 0.7433628 0.5000000 0.4750000 0.6153846 0.4367816 0.5647059 0.5977011 0.6346154 0.5500000 0.3855422 0.3764706 0.4782609 0.4782609 0.7102804 0.6981132 0.6575342 0.8869565
gi|6168025 0.4946237 0.5000000 0.4719101 0.4719101 0.5054945 0.5000000 0.4888889 0.4719101 0.4888889 0.4597701 0.4719101 0.4719101 0.4418605 0.5161290 0.4719101 0.4666667 0.4888889 0.4719101 0.5161290 0.3658537 0.3809524 0.4943820 0.2716049 0.2716049 0.1621622 0.1621622 0.2105263 0.1891892 0.1621622 0.3373494 0.4137931 0.0000000 0.3658537 0.3614458 0.2133333 0.2105263 0.1600000 0.2631579 0.4444444 0.5591398 0.7610619 0.4303797 0.3561644 0.5510204 0.4235294 0.4810127 0.5000000 0.5714286 0.6744186 0.4096386 0.4186047 0.5161290 0.5161290 0.6122449 0.6534653 0.7027027 0.9043478
gi|5035416 0.3764706 0.3614458 0.3250000 0.3250000 0.3855422 0.3614458 0.3658537 0.4235294 0.3658537 0.3291139 0.4235294 0.3250000 0.4096386 0.4000000 0.4418605 0.4367816 0.4047619 0.3250000 0.3809524 0.2631579 0.2368421 0.4470588 0.3764706 0.3953488 0.3250000 0.3250000 0.3658537 0.3291139 0.3658537 0.1111111 0.2105263 0.3658537 0.0000000 0.0857143 0.3703704 0.4047619 0.4000000 0.3750000 0.2777778 0.5168539 0.7454545 0.4155844 0.3835616 0.6138614 0.4096386 0.5783133 0.5952381 0.6336634 0.5454545 0.3116883 0.3456790 0.4000000 0.4000000 0.6990291 0.7115385 0.6376812 0.9026549
gi|5838482 0.3720930 0.3571429 0.3209877 0.3209877 0.3614458 0.3571429 0.3614458 0.4000000 0.3614458 0.3250000 0.4000000 0.3209877 0.3855422 0.3953488 0.4186047 0.4318182 0.4000000 0.3209877 0.3764706 0.2368421 0.2105263 0.4047619 0.3529412 0.3908046 0.3209877 0.3209877 0.3614458 0.3250000 0.3614458 0.1351351 0.2307692 0.3614458 0.0857143 0.0000000 0.3658537 0.4000000 0.3953488 0.3500000 0.2500000 0.4943820 0.7387387 0.4102564 0.3783784 0.6078431 0.4235294 0.5542169 0.5542169 0.6274510 0.5384615 0.2857143 0.3614458 0.3953488 0.3953488 0.6923077 0.7047619 0.6086957 0.8849558
gi|6168045 0.5161290 0.5217391 0.4943820 0.4943820 0.5274725 0.5217391 0.5111111 0.4943820 0.5111111 0.4827586 0.4772727 0.4943820 0.4470588 0.5376344 0.4772727 0.4888889 0.5434783 0.4943820 0.5217391 0.3902439 0.3855422 0.5000000 0.2750000 0.2750000 0.1643836 0.1643836 0.2133333 0.1917808 0.2133333 0.3614458 0.4367816 0.2133333 0.3703704 0.3658537 0.0000000 0.2597403 0.2564103 0.2666667 0.4500000 0.5494505 0.7678571 0.4155844 0.3380282 0.5714286 0.4285714 0.5063291 0.5250000 0.5918367 0.6506024 0.4337349 0.4418605 0.5217391 0.5217391 0.6326531 0.6600000 0.6760563 0.9122807
gi|6168024 0.5263158 0.5319149 0.5054945 0.5054945 0.5376344 0.5319149 0.5217391 0.5054945 0.5217391 0.4943820 0.5054945 0.5054945 0.4772727 0.5473684 0.5054945 0.5000000 0.5217391 0.5054945 0.5473684 0.4047619 0.4186047 0.5111111 0.3132530 0.3132530 0.2105263 0.2105263 0.2105263 0.2368421 0.1621622 0.3764706 0.4494382 0.2105263 0.4047619 0.4000000 0.2597403 0.0000000 0.2077922 0.3076923 0.4819277 0.5591398 0.7610619 0.4691358 0.4000000 0.5510204 0.4597701 0.5185185 0.5365854 0.5416667 0.7045455 0.4470588 0.4545455 0.5473684 0.5473684 0.6122449 0.6534653 0.7027027 0.9043478
gi|6168046 0.5208333 0.5263158 0.5000000 0.5000000 0.5319149 0.5263158 0.5161290 0.5000000 0.5161290 0.4888889 0.5000000 0.5000000 0.4719101 0.5416667 0.5000000 0.4946237 0.5161290 0.5000000 0.5416667 0.4000000 0.4137931 0.5217391 0.3095238 0.3095238 0.2077922 0.2077922 0.1600000 0.2337662 0.2077922 0.3720930 0.4444444 0.1600000 0.4000000 0.3953488 0.2564103 0.2077922 0.0000000 0.3037975 0.4761905 0.5531915 0.7543860 0.4634146 0.3947368 0.5454545 0.4545455 0.5121951 0.5301205 0.5656566 0.6966292 0.4418605 0.4494382 0.5416667 0.5416667 0.5773196 0.6470588 0.6933333 0.8965517
gi|1011529 0.5054945 0.5111111 0.5000000 0.5000000 0.5168539 0.5274725 0.5168539 0.4827586 0.5168539 0.5057471 0.4827586 0.5000000 0.4705882 0.5434783 0.5000000 0.4597701 0.5494505 0.5000000 0.5111111 0.4146341 0.4096386 0.4705882 0.1621622 0.2564103 0.2162162 0.2162162 0.2631579 0.2191781 0.2631579 0.3658537 0.4418605 0.2631579 0.3750000 0.3500000 0.2666667 0.3076923 0.3037975 0.0000000 0.4155844 0.5393258 0.7857143 0.3783784 0.3661972 0.5625000 0.4146341 0.4533333 0.4109589 0.5833333 0.6904762 0.4197531 0.4096386 0.4943820 0.4943820 0.6530612 0.6800000 0.7042254 0.9203540
gi|5035417 0.4146341 0.4000000 0.3846154 0.3846154 0.3846154 0.4197531 0.4050633 0.4250000 0.4050633 0.3896104 0.4444444 0.3846154 0.4303797 0.4390244 0.4634146 0.4941176 0.4444444 0.3846154 0.4197531 0.3243243 0.2500000 0.4878049 0.4146341 0.4523810 0.4050633 0.4050633 0.4444444 0.3684211 0.4444444 0.2933333 0.3797468 0.4444444 0.2777778 0.2500000 0.4500000 0.4819277 0.4761905 0.4155844 0.0000000 0.5060241 0.7850467 0.3714286 0.3582090 0.6666667 0.4303797 0.6419753 0.6250000 0.6734694 0.4927536 0.4155844 0.4819277 0.5116279 0.5116279 0.7524752 0.7647059 0.7352941 0.9158879
gi|1002166 0.6060606 0.6122449 0.5894737 0.5894737 0.6185567 0.6122449 0.6185567 0.6464646 0.6185567 0.5957447 0.6464646 0.5894737 0.6250000 0.6400000 0.6464646 0.6666667 0.6326531 0.5894737 0.6122449 0.5494505 0.5111111 0.6105263 0.5319149 0.5473684 0.5274725 0.5274725 0.5591398 0.5168539 0.5591398 0.5054945 0.5684211 0.5591398 0.5168539 0.4943820 0.5494505 0.5591398 0.5531915 0.5393258 0.5060241 0.0000000 0.7894737 0.4938272 0.4871795 0.6915888 0.4827586 0.7173913 0.7173913 0.6857143 0.6976744 0.4883721 0.4772727 0.5376344 0.5376344 0.7818182 0.7706422 0.7631579 0.8928571
gi|1227483 0.6415094 0.6476190 0.6792453 0.6792453 0.6538462 0.6728972 0.6407767 0.6792453 0.6274510 0.6730769 0.6792453 0.6792453 0.7102804 0.6603774 0.7272727 0.7207207 0.6274510 0.6792453 0.6476190 0.7454545 0.7037037 0.7454545 0.7692308 0.7478261 0.7500000 0.7500000 0.7500000 0.7339450 0.7610619 0.7433628 0.7433628 0.7610619 0.7454545 0.7387387 0.7678571 0.7610619 0.7543860 0.7857143 0.7850467 0.7894737 0.0000000 0.8256881 0.8411215 0.7521368 0.7894737 0.7843137 0.8190476 0.7586207 0.7578947 0.7747748 0.7826087 0.7758621 0.7758621 0.7500000 0.7826087 0.7951807 0.8596491
gi|1011534 0.5454545 0.5517241 0.5411765 0.5411765 0.5581395 0.5681818 0.5581395 0.5238095 0.5581395 0.5476190 0.5238095 0.5411765 0.5121951 0.5842697 0.5411765 0.5000000 0.5909091 0.5411765 0.5681818 0.4556962 0.4303797 0.5301205 0.2933333 0.3376623 0.3896104 0.3896104 0.4303797 0.3733333 0.4303797 0.4250000 0.5000000 0.4303797 0.4155844 0.4102564 0.4155844 0.4691358 0.4634146 0.3783784 0.3714286 0.4938272 0.8256881 0.0000000 0.2580645 0.6315789 0.4750000 0.6153846 0.5974026 0.6236559 0.5833333 0.4615385 0.4691358 0.5517241 0.5517241 0.7346939 0.7474747 0.8000000 0.8932039
gi|1011526 0.5581395 0.5476190 0.5185185 0.5185185 0.5542169 0.5476190 0.5542169 0.5185185 0.5542169 0.5250000 0.5185185 0.5185185 0.4871795 0.5813953 0.5185185 0.5476190 0.5882353 0.5185185 0.5647059 0.4473684 0.4210526 0.5250000 0.3684211 0.4102564 0.3098592 0.3098592 0.3561644 0.3380282 0.3561644 0.3947368 0.4750000 0.3561644 0.3835616 0.3783784 0.3380282 0.4000000 0.3947368 0.3661972 0.3582090 0.4871795 0.8411215 0.2580645 0.0000000 0.6153846 0.4871795 0.6315789 0.6133333 0.6373626 0.5797101 0.4324324 0.4810127 0.5476190 0.5476190 0.7234043 0.7368421 0.7878788 0.9000000
gi|6366656 0.6727273 0.6788991 0.6603774 0.6603774 0.6851852 0.6788991 0.6728972 0.6603774 0.6603774 0.6538462 0.6476190 0.6603774 0.6274510 0.6909091 0.6476190 0.6415094 0.6728972 0.6603774 0.6542056 0.6138614 0.6078431 0.6407767 0.5686275 0.5686275 0.5360825 0.5360825 0.5360825 0.5263158 0.5510204 0.6019417 0.6153846 0.5510204 0.6138614 0.6078431 0.5714286 0.5510204 0.5454545 0.5625000 0.6666667 0.6915888 0.7521368 0.6315789 0.6153846 0.0000000 0.6666667 0.5681818 0.6000000 0.5102041 0.7500000 0.6857143 0.6728972 0.7142857 0.7142857 0.6728972 0.6972477 0.7857143 0.8521739
gi|1188287 0.5473684 0.5376344 0.5274725 0.5274725 0.5274725 0.5531915 0.5434783 0.5274725 0.5434783 0.5333333 0.5434783 0.5274725 0.5333333 0.5684211 0.5591398 0.5376344 0.5744681 0.5274725 0.5531915 0.4651163 0.4235294 0.4827586 0.4137931 0.4137931 0.3855422 0.3855422 0.4235294 0.3703704 0.4235294 0.3614458 0.4367816 0.4235294 0.4096386 0.4235294 0.4285714 0.4597701 0.4545455 0.4146341 0.4303797 0.4827586 0.7894737 0.4750000 0.4871795 0.6666667 0.0000000 0.5609756 0.5783133 0.6601942 0.7126437 0.3116883 0.1643836 0.3809524 0.3809524 0.7115385 0.7115385 0.6571429 0.8928571
gi|1011526 0.5909091 0.5977011 0.6046512 0.6046512 0.6046512 0.5977011 0.5882353 0.5882353 0.5882353 0.5952381 0.5882353 0.6046512 0.5952381 0.5813953 0.6046512 0.5476190 0.6206897 0.6046512 0.6136364 0.5250000 0.5714286 0.6436782 0.4691358 0.4691358 0.4415584 0.4415584 0.4810127 0.4054054 0.4810127 0.5476190 0.5647059 0.4810127 0.5783133 0.5542169 0.5063291 0.5185185 0.5121951 0.4533333 0.6419753 0.7173913 0.7843137 0.6153846 0.6315789 0.5681818 0.5609756 0.0000000 0.2068966 0.6067416 0.7901235 0.5853659 0.5542169 0.5977011 0.5977011 0.7234043 0.7500000 0.5964912 0.9000000
gi|1011534 0.6222222 0.6292135 0.6206897 0.6206897 0.6363636 0.6292135 0.6363636 0.6206897 0.6363636 0.6279070 0.6046512 0.6206897 0.6117647 0.6292135 0.6206897 0.5813953 0.6666667 0.6206897 0.6292135 0.5609756 0.5882353 0.6279070 0.4102564 0.4878049 0.4615385 0.4615385 0.5000000 0.4473684 0.5000000 0.5813953 0.5977011 0.5000000 0.5952381 0.5542169 0.5250000 0.5365854 0.5301205 0.4109589 0.6250000 0.7173913 0.8190476 0.5974026 0.6133333 0.6000000 0.5783133 0.2068966 0.0000000 0.6373626 0.8048780 0.5853659 0.5882353 0.5977011 0.5977011 0.7500000 0.7755102 0.5964912 0.9108911
gi|6366656 0.6788991 0.6851852 0.6666667 0.6666667 0.6915888 0.6851852 0.6915888 0.6666667 0.6792453 0.6730769 0.6666667 0.6666667 0.6470588 0.7090909 0.6666667 0.6346154 0.6915888 0.6666667 0.6851852 0.6470588 0.6407767 0.6730769 0.5882353 0.5882353 0.5567010 0.5567010 0.5567010 0.5625000 0.5416667 0.6213592 0.6346154 0.5714286 0.6336634 0.6274510 0.5918367 0.5416667 0.5656566 0.5833333 0.6734694 0.6857143 0.7586207 0.6236559 0.6373626 0.5102041 0.6601942 0.6067416 0.6373626 0.0000000 0.7835052 0.7047619 0.6538462 0.7207207 0.7207207 0.6792453 0.7155963 0.7804878 0.8793103
gi|913749| 0.4675325 0.4533333 0.4800000 0.4800000 0.4594595 0.4935065 0.4594595 0.5000000 0.4383562 0.4864865 0.5000000 0.4800000 0.5263158 0.4935065 0.5569620 0.5679012 0.4800000 0.4800000 0.4533333 0.6172840 0.5384615 0.6000000 0.6590909 0.6888889 0.6428571 0.6428571 0.6744186 0.6341463 0.6744186 0.5500000 0.5500000 0.6744186 0.5454545 0.5384615 0.6506024 0.7045455 0.6966292 0.6904762 0.4927536 0.6976744 0.7578947 0.5833333 0.5797101 0.7500000 0.7126437 0.7901235 0.8048780 0.7835052 0.0000000 0.6746988 0.7045455 0.7252747 0.7252747 0.8247423 0.8125000 0.8787879 0.8817204
gi|8511881 0.5054945 0.5111111 0.4827586 0.4827586 0.5168539 0.5111111 0.5168539 0.5494505 0.5168539 0.4883721 0.5333333 0.4827586 0.5227273 0.5434783 0.5494505 0.5744681 0.5494505 0.4827586 0.5111111 0.4146341 0.3703704 0.4523810 0.4000000 0.4367816 0.3703704 0.3703704 0.4096386 0.3950617 0.4096386 0.3037975 0.3855422 0.4096386 0.3116883 0.2857143 0.4337349 0.4470588 0.4418605 0.4197531 0.4155844 0.4883721 0.7747748 0.4615385 0.4324324 0.6857143 0.3116883 0.5853659 0.5853659 0.7047619 0.6746988 0.0000000 0.2631579 0.3250000 0.3250000 0.7307692 0.7428571 0.6666667 0.9009009
gi|1188286 0.5416667 0.5319149 0.5054945 0.5054945 0.5531915 0.5319149 0.5376344 0.5531915 0.5376344 0.5111111 0.5531915 0.5054945 0.5274725 0.5625000 0.5531915 0.5161290 0.5684211 0.5054945 0.5473684 0.4597701 0.4367816 0.4943820 0.4090909 0.4090909 0.3809524 0.3809524 0.4186047 0.3658537 0.4186047 0.2962963 0.3764706 0.4186047 0.3456790 0.3614458 0.4418605 0.4545455 0.4494382 0.4096386 0.4819277 0.4772727 0.7826087 0.4691358 0.4810127 0.6728972 0.1643836 0.5542169 0.5882353 0.6538462 0.7045455 0.2631579 0.0000000 0.3170732 0.3170732 0.7047619 0.7047619 0.6478873 0.8849558
gi|4963623 0.5510204 0.5416667 0.5319149 0.5319149 0.5625000 0.5416667 0.5473684 0.5918367 0.5473684 0.5376344 0.5918367 0.5319149 0.5833333 0.5416667 0.5773196 0.5858586 0.5773196 0.5319149 0.5567010 0.4545455 0.4666667 0.5684211 0.4893617 0.5208333 0.4835165 0.4835165 0.5161290 0.4719101 0.5161290 0.4090909 0.4782609 0.5161290 0.4000000 0.3953488 0.5217391 0.5473684 0.5416667 0.4943820 0.5116279 0.5376344 0.7758621 0.5517241 0.5476190 0.7142857 0.3809524 0.5977011 0.5977011 0.7207207 0.7252747 0.3250000 0.3170732 0.0000000 0.1578947 0.7678571 0.7787611 0.6756757 0.8771930
gi|5035033 0.5510204 0.5416667 0.5319149 0.5319149 0.5625000 0.5416667 0.5473684 0.5918367 0.5473684 0.5376344 0.5918367 0.5319149 0.5833333 0.5416667 0.5773196 0.5858586 0.5773196 0.5319149 0.5567010 0.4545455 0.4666667 0.5684211 0.4893617 0.5208333 0.4835165 0.4835165 0.5161290 0.4719101 0.5161290 0.4090909 0.4782609 0.5161290 0.4000000 0.3953488 0.5217391 0.5473684 0.5416667 0.4943820 0.5116279 0.5376344 0.7758621 0.5517241 0.5476190 0.7142857 0.3809524 0.5977011 0.5977011 0.7207207 0.7252747 0.3250000 0.3170732 0.1578947 0.0000000 0.7678571 0.7787611 0.6756757 0.8771930
gi|6366656 0.7610619 0.7678571 0.7522936 0.7522936 0.7747748 0.7567568 0.7636364 0.7522936 0.7522936 0.7476636 0.7522936 0.7522936 0.7358491 0.7787611 0.7522936 0.7222222 0.7522936 0.7522936 0.7678571 0.6862745 0.7047619 0.7476636 0.6407767 0.6407767 0.6122449 0.6122449 0.5833333 0.6185567 0.6122449 0.6730769 0.7102804 0.6122449 0.6990291 0.6923077 0.6326531 0.6122449 0.5773196 0.6530612 0.7524752 0.7818182 0.7500000 0.7346939 0.7234043 0.6728972 0.7115385 0.7234043 0.7500000 0.6792453 0.8247423 0.7307692 0.7047619 0.7678571 0.7678571 0.0000000 0.6400000 0.8148148 0.8849558
gi|3399611 0.7826087 0.7787611 0.7636364 0.7636364 0.7857143 0.7787611 0.7747748 0.7747748 0.7636364 0.7592593 0.7747748 0.7636364 0.7592593 0.7894737 0.7747748 0.7678571 0.7636364 0.7636364 0.7678571 0.7238095 0.7289720 0.7592593 0.6792453 0.6538462 0.6534653 0.6534653 0.6534653 0.6464646 0.6534653 0.6857143 0.6981132 0.6534653 0.7115385 0.7047619 0.6600000 0.6534653 0.6470588 0.6800000 0.7647059 0.7706422 0.7826087 0.7474747 0.7368421 0.6972477 0.7115385 0.7500000 0.7755102 0.7155963 0.8125000 0.7428571 0.7047619 0.7787611 0.7787611 0.6400000 0.0000000 0.7692308 0.8648649
gi|5838477 0.6842105 0.6756757 0.6666667 0.6666667 0.6849315 0.6756757 0.6666667 0.6849315 0.6478873 0.6571429 0.6849315 0.6666667 0.6944444 0.6575342 0.6849315 0.6756757 0.6478873 0.6666667 0.6575342 0.6944444 0.6849315 0.6944444 0.7012987 0.7012987 0.6849315 0.6849315 0.6849315 0.6944444 0.7027027 0.6575342 0.6575342 0.7027027 0.6376812 0.6086957 0.6760563 0.7027027 0.6933333 0.7042254 0.7352941 0.7631579 0.7951807 0.8000000 0.7878788 0.7857143 0.6571429 0.5964912 0.5964912 0.7804878 0.8787879 0.6666667 0.6478873 0.6756757 0.6756757 0.8148148 0.7692308 0.0000000 0.8831169
gi|1062630 0.8793103 0.8869565 0.8947368 0.8947368 0.8947368 0.8869565 0.8849558 0.8947368 0.8849558 0.8928571 0.8947368 0.8947368 0.9026549 0.8771930 0.8947368 0.8869565 0.8849558 0.8947368 0.8869565 0.9026549 0.9043478 0.9026549 0.9075630 0.8983051 0.9043478 0.9043478 0.9043478 0.9026549 0.9043478 0.8965517 0.8869565 0.9043478 0.9026549 0.8849558 0.9122807 0.9043478 0.8965517 0.9203540 0.9158879 0.8928571 0.8596491 0.8932039 0.9000000 0.8521739 0.8928571 0.9000000 0.9108911 0.8793103 0.8817204 0.9009009 0.8849558 0.8771930 0.8771930 0.8849558 0.8648649 0.8831169 0.0000000
