   159
gi|1258500 0.0000000 0.0000000 0.0000000 0.0000000 0.0000000 0.0000000 0.0000000 0.0000000 0.0000000 0.1155596 0.0873512 0.1171919 0.1440989 0.0948228 0.1652953 0.1402911 0.0948228 0.1440989 0.1561045 0.1620748 0.1402911 0.2155875 0.1844307 0.1882919 0.1882919 0.1700246 0.2496261 0.1402911 0.2631104 0.2982893 0.1402911 0.2309223 0.2309223 0.2160100 0.2838529 0.1252816 0.2941985 0.1882919 0.3660461 0.2076300 0.2707547 0.1402911 0.2392784 0.1402911 0.1402911 0.1402911 0.1402911 0.1402911 0.1402911 0.1402911 0.1402911 0.1402911 0.1402911 0.3637354 0.3069655 0.1402911 0.1402911 0.2357369 0.2357369 0.1402911 0.2357369 0.2357369 0.2357369 0.2357369 0.2357369 0.2357369 0.3102989 0.2499355 0.1402911 0.3725089 0.3277254 0.3463615 0.3160645 0.2753853 0.3043838 0.2681650 0.3043838 0.3043838 0.3043838 0.4180616 0.3105486 0.3512847 0.3043838 0.3043838 0.3043838 0.3043838 0.3043838 0.3148488 0.2973216 0.3148488 0.3148488 0.3135768 0.3550897 0.4481108 0.4381883 0.4427498 0.4968462 0.5365762 0.4968462 0.4387179 0.4387179 0.4387179 0.4532376 0.4944250 0.4568724 0.4836112 0.4836112 0.4623481 0.4836112 0.4836112 0.4836112 0.4427498 0.4427498 0.4427498 0.4013856 0.4706181 0.3617552 0.5343176 0.5343176 0.5454213 0.5476807 0.3929251 0.5675379 0.5296960 0.5556528 0.5268387 0.5386215 0.4950568 0.5645895 0.4778104 0.4778104 0.4778104 0.4778104 0.6420034 0.6420034 0.5417160 0.5725966 0.5393067 0.5833546 0.5558640 0.5558640 0.5913376 1.1366670 1.1366670 1.2236209 1.1366670 1.1366670 1.2236209 0.5947622 1.1366670 1.1366670 1.1565130 0.5843197 0.5884938 0.5884938 0.6564001 0.6180630 0.6695520 0.6160786
gi|6459853 0.0000000 0.0000000 0.0000000 0.0000000 0.0000000 0.0000000 0.0000000 0.0000000 0.0000000 0.1155596 0.0873512 0.1171919 0.1440989 0.0948228 0.1652953 0.1402911 0.0948228 0.1440989 0.1561045 0.1620748 0.1402911 0.2155875 0.1844307 0.1882919 0.1882919 0.1700246 0.2496261 0.1402911 0.2631104 0.2982893 0.1402911 0.2309223 0.2309223 0.2160100 0.2838529 0.1252816 0.2941985 0.1882919 0.3660461 0.2076300 0.2707547 0.1402911 0.2392784 0.1402911 0.1402911 0.1402911 0.1402911 0.1402911 0.1402911 0.1402911 0.1402911 0.1402911 0.1402911 0.3637354 0.3069655 0.1402911 0.1402911 0.2357369 0.2357369 0.1402911 0.2357369 0.2357369 0.2357369 0.2357369 0.2357369 0.2357369 0.3102989 0.2499355 0.1402911 0.3725089 0.3277254 0.3463615 0.3160645 0.2753853 0.3043838 0.2681650 0.3043838 0.3043838 0.3043838 0.4180616 0.3105486 0.3512847 0.3043838 0.3043838 0.3043838 0.3043838 0.3043838 0.3148488 0.2973216 0.3148488 0.3148488 0.3135768 0.3550897 0.4481108 0.4381883 0.4427498 0.4968462 0.5365762 0.4968462 0.4387179 0.4387179 0.4387179 0.4532376 0.4944250 0.4568724 0.4836112 0.4836112 0.4623481 0.4836112 0.4836112 0.4836112 0.4427498 0.4427498 0.4427498 0.4013856 0.4706181 0.3617552 0.5343176 0.5343176 0.5454213 0.5476807 0.3929251 0.5675379 0.5296960 0.5556528 0.5268387 0.5386215 0.4950568 0.5645895 0.4778104 0.4778104 0.4778104 0.4778104 0.6420034 0.6420034 0.5417160 0.5725966 0.5393067 0.5833546 0.5558640 0.5558640 0.5913376 1.1366670 1.1366670 1.2236209 1.1366670 1.1366670 1.2236209 0.5947622 1.1366670 1.1366670 1.1565130 0.5843197 0.5884938 0.5884938 0.6564001 0.6180630 0.6695520 0.6160786
gi|2895264 0.0000000 0.0000000 0.0000000 0.0000000 0.0000000 0.0000000 0.0000000 0.0000000 0.0000000 0.1155596 0.0873512 0.1171919 0.1440989 0.0948228 0.1652953 0.1402911 0.0948228 0.1440989 0.1561045 0.1620748 0.1402911 0.2155875 0.1844307 0.1882919 0.1882919 0.1700246 0.2496261 0.1402911 0.2631104 0.2982893 0.1402911 0.2309223 0.2309223 0.2160100 0.2838529 0.1252816 0.2941985 0.1882919 0.3660461 0.2076300 0.2707547 0.1402911 0.2392784 0.1402911 0.1402911 0.1402911 0.1402911 0.1402911 0.1402911 0.1402911 0.1402911 0.1402911 0.1402911 0.3637354 0.3069655 0.1402911 0.1402911 0.2357369 0.2357369 0.1402911 0.2357369 0.2357369 0.2357369 0.2357369 0.2357369 0.2357369 0.3102989 0.2499355 0.1402911 0.3725089 0.3277254 0.3463615 0.3160645 0.2753853 0.3043838 0.2681650 0.3043838 0.3043838 0.3043838 0.4180616 0.3105486 0.3512847 0.3043838 0.3043838 0.3043838 0.3043838 0.3043838 0.3148488 0.2973216 0.3148488 0.3148488 0.3135768 0.3550897 0.4481108 0.4381883 0.4427498 0.4968462 0.5365762 0.4968462 0.4387179 0.4387179 0.4387179 0.4532376 0.4944250 0.4568724 0.4836112 0.4836112 0.4623481 0.4836112 0.4836112 0.4836112 0.4427498 0.4427498 0.4427498 0.4013856 0.4706181 0.3617552 0.5343176 0.5343176 0.5454213 0.5476807 0.3929251 0.5675379 0.5296960 0.5556528 0.5268387 0.5386215 0.4950568 0.5645895 0.4778104 0.4778104 0.4778104 0.4778104 0.6420034 0.6420034 0.5417160 0.5725966 0.5393067 0.5833546 0.5558640 0.5558640 0.5913376 1.1366670 1.1366670 1.2236209 1.1366670 1.1366670 1.2236209 0.5947622 1.1366670 1.1366670 1.1565130 0.5843197 0.5884938 0.5884938 0.6564001 0.6180630 0.6695520 0.6160786
gi|3033247 0.0000000 0.0000000 0.0000000 0.0000000 0.0000000 0.0000000 0.0000000 0.0000000 0.0000000 0.1155596 0.0873512 0.1171919 0.1440989 0.0948228 0.1652953 0.1402911 0.0948228 0.1440989 0.1561045 0.1620748 0.1402911 0.2155875 0.1844307 0.1882919 0.1882919 0.1700246 0.2496261 0.1402911 0.2631104 0.2982893 0.1402911 0.2309223 0.2309223 0.2160100 0.2838529 0.1252816 0.2941985 0.1882919 0.3660461 0.2076300 0.2707547 0.1402911 0.2392784 0.1402911 0.1402911 0.1402911 0.1402911 0.1402911 0.1402911 0.1402911 0.1402911 0.1402911 0.1402911 0.3637354 0.3069655 0.1402911 0.1402911 0.2357369 0.2357369 0.1402911 0.2357369 0.2357369 0.2357369 0.2357369 0.2357369 0.2357369 0.3102989 0.2499355 0.1402911 0.3725089 0.3277254 0.3463615 0.3160645 0.2753853 0.3043838 0.2681650 0.3043838 0.3043838 0.3043838 0.4180616 0.3105486 0.3512847 0.3043838 0.3043838 0.3043838 0.3043838 0.3043838 0.3148488 0.2973216 0.3148488 0.3148488 0.3135768 0.3550897 0.4481108 0.4381883 0.4427498 0.4968462 0.5365762 0.4968462 0.4387179 0.4387179 0.4387179 0.4532376 0.4944250 0.4568724 0.4836112 0.4836112 0.4623481 0.4836112 0.4836112 0.4836112 0.4427498 0.4427498 0.4427498 0.4013856 0.4706181 0.3617552 0.5343176 0.5343176 0.5454213 0.5476807 0.3929251 0.5675379 0.5296960 0.5556528 0.5268387 0.5386215 0.4950568 0.5645895 0.4778104 0.4778104 0.4778104 0.4778104 0.6420034 0.6420034 0.5417160 0.5725966 0.5393067 0.5833546 0.5558640 0.5558640 0.5913376 1.1366670 1.1366670 1.2236209 1.1366670 1.1366670 1.2236209 0.5947622 1.1366670 1.1366670 1.1565130 0.5843197 0.5884938 0.5884938 0.6564001 0.6180630 0.6695520 0.6160786
gi|9903257 0.0000000 0.0000000 0.0000000 0.0000000 0.0000000 0.0000000 0.0000000 0.0000000 0.0000000 0.1155596 0.0873512 0.1171919 0.1440989 0.0948228 0.1652953 0.1402911 0.0948228 0.1440989 0.1561045 0.1620748 0.1402911 0.2155875 0.1844307 0.1882919 0.1882919 0.1700246 0.2496261 0.1402911 0.2631104 0.2982893 0.1402911 0.2309223 0.2309223 0.2160100 0.2838529 0.1252816 0.2941985 0.1882919 0.3660461 0.2076300 0.2707547 0.1402911 0.2392784 0.1402911 0.1402911 0.1402911 0.1402911 0.1402911 0.1402911 0.1402911 0.1402911 0.1402911 0.1402911 0.3637354 0.3069655 0.1402911 0.1402911 0.2357369 0.2357369 0.1402911 0.2357369 0.2357369 0.2357369 0.2357369 0.2357369 0.2357369 0.3102989 0.2499355 0.1402911 0.3725089 0.3277254 0.3463615 0.3160645 0.2753853 0.3043838 0.2681650 0.3043838 0.3043838 0.3043838 0.4180616 0.3105486 0.3512847 0.3043838 0.3043838 0.3043838 0.3043838 0.3043838 0.3148488 0.2973216 0.3148488 0.3148488 0.3135768 0.3550897 0.4481108 0.4381883 0.4427498 0.4968462 0.5365762 0.4968462 0.4387179 0.4387179 0.4387179 0.4532376 0.4944250 0.4568724 0.4836112 0.4836112 0.4623481 0.4836112 0.4836112 0.4836112 0.4427498 0.4427498 0.4427498 0.4013856 0.4706181 0.3617552 0.5343176 0.5343176 0.5454213 0.5476807 0.3929251 0.5675379 0.5296960 0.5556528 0.5268387 0.5386215 0.4950568 0.5645895 0.4778104 0.4778104 0.4778104 0.4778104 0.6420034 0.6420034 0.5417160 0.5725966 0.5393067 0.5833546 0.5558640 0.5558640 0.5913376 1.1366670 1.1366670 1.2236209 1.1366670 1.1366670 1.2236209 0.5947622 1.1366670 1.1366670 1.1565130 0.5843197 0.5884938 0.5884938 0.6564001 0.6180630 0.6695520 0.6160786
gi|3792755 0.0000000 0.0000000 0.0000000 0.0000000 0.0000000 0.0000000 0.0000000 0.0000000 0.0000000 0.1155596 0.0873512 0.1171919 0.1440989 0.0948228 0.1652953 0.1402911 0.0948228 0.1440989 0.1561045 0.1620748 0.1402911 0.2155875 0.1844307 0.1882919 0.1882919 0.1700246 0.2496261 0.1402911 0.2631104 0.2982893 0.1402911 0.2309223 0.2309223 0.2160100 0.2838529 0.1252816 0.2941985 0.1882919 0.3660461 0.2076300 0.2707547 0.1402911 0.2392784 0.1402911 0.1402911 0.1402911 0.1402911 0.1402911 0.1402911 0.1402911 0.1402911 0.1402911 0.1402911 0.3637354 0.3069655 0.1402911 0.1402911 0.2357369 0.2357369 0.1402911 0.2357369 0.2357369 0.2357369 0.2357369 0.2357369 0.2357369 0.3102989 0.2499355 0.1402911 0.3725089 0.3277254 0.3463615 0.3160645 0.2753853 0.3043838 0.2681650 0.3043838 0.3043838 0.3043838 0.4180616 0.3105486 0.3512847 0.3043838 0.3043838 0.3043838 0.3043838 0.3043838 0.3148488 0.2973216 0.3148488 0.3148488 0.3135768 0.3550897 0.4481108 0.4381883 0.4427498 0.4968462 0.5365762 0.4968462 0.4387179 0.4387179 0.4387179 0.4532376 0.4944250 0.4568724 0.4836112 0.4836112 0.4623481 0.4836112 0.4836112 0.4836112 0.4427498 0.4427498 0.4427498 0.4013856 0.4706181 0.3617552 0.5343176 0.5343176 0.5454213 0.5476807 0.3929251 0.5675379 0.5296960 0.5556528 0.5268387 0.5386215 0.4950568 0.5645895 0.4778104 0.4778104 0.4778104 0.4778104 0.6420034 0.6420034 0.5417160 0.5725966 0.5393067 0.5833546 0.5558640 0.5558640 0.5913376 1.1366670 1.1366670 1.2236209 1.1366670 1.1366670 1.2236209 0.5947622 1.1366670 1.1366670 1.1565130 0.5843197 0.5884938 0.5884938 0.6564001 0.6180630 0.6695520 0.6160786
gi|1427822 0.0000000 0.0000000 0.0000000 0.0000000 0.0000000 0.0000000 0.0000000 0.0000000 0.0000000 0.1155596 0.0873512 0.1171919 0.1440989 0.0948228 0.1652953 0.1402911 0.0948228 0.1440989 0.1561045 0.1620748 0.1402911 0.2155875 0.1844307 0.1882919 0.1882919 0.1700246 0.2496261 0.1402911 0.2631104 0.2982893 0.1402911 0.2309223 0.2309223 0.2160100 0.2838529 0.1252816 0.2941985 0.1882919 0.3660461 0.2076300 0.2707547 0.1402911 0.2392784 0.1402911 0.1402911 0.1402911 0.1402911 0.1402911 0.1402911 0.1402911 0.1402911 0.1402911 0.1402911 0.3637354 0.3069655 0.1402911 0.1402911 0.2357369 0.2357369 0.1402911 0.2357369 0.2357369 0.2357369 0.2357369 0.2357369 0.2357369 0.3102989 0.2499355 0.1402911 0.3725089 0.3277254 0.3463615 0.3160645 0.2753853 0.3043838 0.2681650 0.3043838 0.3043838 0.3043838 0.4180616 0.3105486 0.3512847 0.3043838 0.3043838 0.3043838 0.3043838 0.3043838 0.3148488 0.2973216 0.3148488 0.3148488 0.3135768 0.3550897 0.4481108 0.4381883 0.4427498 0.4968462 0.5365762 0.4968462 0.4387179 0.4387179 0.4387179 0.4532376 0.4944250 0.4568724 0.4836112 0.4836112 0.4623481 0.4836112 0.4836112 0.4836112 0.4427498 0.4427498 0.4427498 0.4013856 0.4706181 0.3617552 0.5343176 0.5343176 0.5454213 0.5476807 0.3929251 0.5675379 0.5296960 0.5556528 0.5268387 0.5386215 0.4950568 0.5645895 0.4778104 0.4778104 0.4778104 0.4778104 0.6420034 0.6420034 0.5417160 0.5725966 0.5393067 0.5833546 0.5558640 0.5558640 0.5913376 1.1366670 1.1366670 1.2236209 1.1366670 1.1366670 1.2236209 0.5947622 1.1366670 1.1366670 1.1565130 0.5843197 0.5884938 0.5884938 0.6564001 0.6180630 0.6695520 0.6160786
gi|2537225 0.0000000 0.0000000 0.0000000 0.0000000 0.0000000 0.0000000 0.0000000 0.0000000 0.0000000 0.1155596 0.0873512 0.1171919 0.1440989 0.0948228 0.1652953 0.1402911 0.0948228 0.1440989 0.1561045 0.1620748 0.1402911 0.2155875 0.1844307 0.1882919 0.1882919 0.1700246 0.2496261 0.1402911 0.2631104 0.2982893 0.1402911 0.2309223 0.2309223 0.2160100 0.2838529 0.1252816 0.2941985 0.1882919 0.3660461 0.2076300 0.2707547 0.1402911 0.2392784 0.1402911 0.1402911 0.1402911 0.1402911 0.1402911 0.1402911 0.1402911 0.1402911 0.1402911 0.1402911 0.3637354 0.3069655 0.1402911 0.1402911 0.2357369 0.2357369 0.1402911 0.2357369 0.2357369 0.2357369 0.2357369 0.2357369 0.2357369 0.3102989 0.2499355 0.1402911 0.3725089 0.3277254 0.3463615 0.3160645 0.2753853 0.3043838 0.2681650 0.3043838 0.3043838 0.3043838 0.4180616 0.3105486 0.3512847 0.3043838 0.3043838 0.3043838 0.3043838 0.3043838 0.3148488 0.2973216 0.3148488 0.3148488 0.3135768 0.3550897 0.4481108 0.4381883 0.4427498 0.4968462 0.5365762 0.4968462 0.4387179 0.4387179 0.4387179 0.4532376 0.4944250 0.4568724 0.4836112 0.4836112 0.4623481 0.4836112 0.4836112 0.4836112 0.4427498 0.4427498 0.4427498 0.4013856 0.4706181 0.3617552 0.5343176 0.5343176 0.5454213 0.5476807 0.3929251 0.5675379 0.5296960 0.5556528 0.5268387 0.5386215 0.4950568 0.5645895 0.4778104 0.4778104 0.4778104 0.4778104 0.6420034 0.6420034 0.5417160 0.5725966 0.5393067 0.5833546 0.5558640 0.5558640 0.5913376 1.1366670 1.1366670 1.2236209 1.1366670 1.1366670 1.2236209 0.5947622 1.1366670 1.1366670 1.1565130 0.5843197 0.5884938 0.5884938 0.6564001 0.6180630 0.6695520 0.6160786
gi|2537232 0.0000000 0.0000000 0.0000000 0.0000000 0.0000000 0.0000000 0.0000000 0.0000000 0.0000000 0.1155596 0.0873512 0.1171919 0.1440989 0.0948228 0.1652953 0.1402911 0.0948228 0.1440989 0.1561045 0.1620748 0.1402911 0.2155875 0.1844307 0.1882919 0.1882919 0.1700246 0.2496261 0.1402911 0.2631104 0.2982893 0.1402911 0.2309223 0.2309223 0.2160100 0.2838529 0.1252816 0.2941985 0.1882919 0.3660461 0.2076300 0.2707547 0.1402911 0.2392784 0.1402911 0.1402911 0.1402911 0.1402911 0.1402911 0.1402911 0.1402911 0.1402911 0.1402911 0.1402911 0.3637354 0.3069655 0.1402911 0.1402911 0.2357369 0.2357369 0.1402911 0.2357369 0.2357369 0.2357369 0.2357369 0.2357369 0.2357369 0.3102989 0.2499355 0.1402911 0.3725089 0.3277254 0.3463615 0.3160645 0.2753853 0.3043838 0.2681650 0.3043838 0.3043838 0.3043838 0.4180616 0.3105486 0.3512847 0.3043838 0.3043838 0.3043838 0.3043838 0.3043838 0.3148488 0.2973216 0.3148488 0.3148488 0.3135768 0.3550897 0.4481108 0.4381883 0.4427498 0.4968462 0.5365762 0.4968462 0.4387179 0.4387179 0.4387179 0.4532376 0.4944250 0.4568724 0.4836112 0.4836112 0.4623481 0.4836112 0.4836112 0.4836112 0.4427498 0.4427498 0.4427498 0.4013856 0.4706181 0.3617552 0.5343176 0.5343176 0.5454213 0.5476807 0.3929251 0.5675379 0.5296960 0.5556528 0.5268387 0.5386215 0.4950568 0.5645895 0.4778104 0.4778104 0.4778104 0.4778104 0.6420034 0.6420034 0.5417160 0.5725966 0.5393067 0.5833546 0.5558640 0.5558640 0.5913376 1.1366670 1.1366670 1.2236209 1.1366670 1.1366670 1.2236209 0.5947622 1.1366670 1.1366670 1.1565130 0.5843197 0.5884938 0.5884938 0.6564001 0.6180630 0.6695520 0.6160786
gi|1015812 0.1155596 0.1155596 0.1155596 0.1155596 0.1155596 0.1155596 0.1155596 0.1155596 0.1155596 0.0000000 0.1441424 0.1638948 0.1682580 0.1483387 0.1905089 0.1787062 0.1483387 0.1682580 0.1936484 0.1934823 0.1787062 0.2544098 0.2016614 0.2180869 0.2180869 0.2065923 0.2641768 0.1787062 0.2873034 0.3151616 0.1787062 0.2599173 0.2599173 0.2415579 0.2981943 0.1707955 0.3186641 0.2180869 0.3853363 0.2370681 0.2944041 0.1787062 0.2663787 0.1787062 0.1787062 0.1787062 0.1787062 0.1787062 0.1787062 0.1787062 0.1787062 0.1787062 0.1787062 0.3851827 0.3214684 0.1787062 0.1787062 0.2583962 0.2583962 0.1787062 0.2583962 0.2583962 0.2583962 0.2583962 0.2583962 0.2583962 0.3334821 0.2757555 0.1787062 0.3921636 0.3492377 0.3658162 0.3293567 0.2979966 0.3238012 0.2862421 0.3238012 0.3238012 0.3238012 0.4339407 0.3275277 0.3674772 0.3238012 0.3238012 0.3238012 0.3238012 0.3238012 0.3363005 0.3278326 0.3363005 0.3363005 0.3355473 0.3680194 0.4503803 0.4411117 0.4484071 0.4999714 0.5407035 0.4999714 0.4390652 0.4390652 0.4390652 0.4594643 0.4932221 0.4567899 0.4823780 0.4823780 0.4621014 0.4823780 0.4823780 0.4823780 0.4484071 0.4484071 0.4484071 0.4009139 0.4670867 0.3749071 0.5375851 0.5375851 0.5578642 0.5537607 0.3955924 0.5737667 0.5363937 0.5626814 0.5311916 0.5429449 0.5030880 0.5703175 0.4609164 0.4609164 0.4609164 0.4609164 0.6439002 0.6439002 0.5453325 0.5731933 0.5387594 0.5793937 0.5525910 0.5525910 0.5923216 1.1353673 1.1353673 1.2224137 1.1353673 1.1353673 1.2224137 0.6038373 1.1353673 1.1353673 1.1552357 0.5870585 0.5906691 0.5906691 0.6598366 0.6118154 0.6683663 0.6194738
gi|6417478 0.0873512 0.0873512 0.0873512 0.0873512 0.0873512 0.0873512 0.0873512 0.0873512 0.0873512 0.1441424 0.0000000 0.1397764 0.1660739 0.1291718 0.1868463 0.1654255 0.1291718 0.1660739 0.1806173 0.1838294 0.1654255 0.2315411 0.1995778 0.2064710 0.2064710 0.1916017 0.2643061 0.1654255 0.2616155 0.3049200 0.1654255 0.2448823 0.2448823 0.2265314 0.2787077 0.1545220 0.3058272 0.2064710 0.3609707 0.2327841 0.2822716 0.1654255 0.2520363 0.1654255 0.1654255 0.1654255 0.1654255 0.1654255 0.1654255 0.1654255 0.1654255 0.1654255 0.1654255 0.3633759 0.3018992 0.1654255 0.1654255 0.2512083 0.2512083 0.1654255 0.2512083 0.2512083 0.2512083 0.2512083 0.2512083 0.2512083 0.3214074 0.2620818 0.1654255 0.3723015 0.3382099 0.3391363 0.3353443 0.2905488 0.3146562 0.2915612 0.3146562 0.3146562 0.3146562 0.4114646 0.3229210 0.3614609 0.3146562 0.3146562 0.3146562 0.3146562 0.3146562 0.3260999 0.3059893 0.3260999 0.3260999 0.3250798 0.3605959 0.4521932 0.4419614 0.4441787 0.5013613 0.5415148 0.5013613 0.4423713 0.4423713 0.4423713 0.4584948 0.4969146 0.4586874 0.4852710 0.4852710 0.4666055 0.4852710 0.4852710 0.4852710 0.4441787 0.4441787 0.4441787 0.4050582 0.4740729 0.3827512 0.5343224 0.5343224 0.5508291 0.5534936 0.4046900 0.5729218 0.5357074 0.5611541 0.5341239 0.5456299 0.5026976 0.5717379 0.4846480 0.4846480 0.4846480 0.4846480 0.6492773 0.6492773 0.5457785 0.5740370 0.5439378 0.5873266 0.5577318 0.5577318 0.5892770 1.1331861 1.1331861 1.2197012 1.1331861 1.1331861 1.2197012 0.5977494 1.1331861 1.1331861 1.1520030 0.5908660 0.5940794 0.5940794 0.6501012 0.6218952 0.6637341 0.6120572
gi|1617610 0.1171919 0.1171919 0.1171919 0.1171919 0.1171919 0.1171919 0.1171919 0.1171919 0.1171919 0.1638948 0.1397764 0.0000000 0.1881100 0.1491748 0.2018571 0.1810824 0.1491748 0.1881100 0.1895092 0.2088200 0.1810824 0.2449849 0.2002493 0.2181482 0.2181482 0.2047034 0.2824279 0.1810824 0.2897837 0.3422333 0.1810824 0.2597240 0.2597240 0.1805759 0.2637367 0.1663990 0.3186265 0.2181482 0.3755834 0.2343747 0.3072211 0.1810824 0.2008329 0.1810824 0.1810824 0.1810824 0.1810824 0.1810824 0.1810824 0.1810824 0.1810824 0.1810824 0.1810824 0.3832012 0.2888603 0.1810824 0.1810824 0.2650367 0.2650367 0.1810824 0.2650367 0.2650367 0.2650367 0.2650367 0.2650367 0.2650367 0.3328815 0.2876916 0.1810824 0.3959819 0.3490041 0.3667858 0.3527677 0.2998688 0.3367365 0.3094309 0.3367365 0.3367365 0.3367365 0.4329802 0.3461772 0.3798473 0.3367365 0.3367365 0.3367365 0.3367365 0.3367365 0.3439320 0.3293005 0.3439320 0.3439320 0.3472483 0.3654281 0.4601243 0.4497628 0.4595456 0.5053197 0.5392914 0.5053197 0.4474025 0.4474025 0.4474025 0.4633532 0.4994411 0.4692529 0.4900178 0.4900178 0.4718403 0.4900178 0.4900178 0.4900178 0.4595456 0.4595456 0.4595456 0.4299889 0.4769585 0.3993240 0.5457728 0.5457728 0.5781418 0.5817116 0.4127969 0.6015749 0.5616304 0.5871198 0.5589111 0.5705399 0.5095024 0.5977492 0.4894839 0.4894839 0.4894839 0.4894839 0.6420298 0.6420298 0.5376719 0.5891162 0.5513435 0.6020354 0.5711530 0.5711530 0.6023351 1.1568229 1.1568229 1.2434966 1.1568229 1.1568229 1.2434966 0.6102744 1.1568229 1.1568229 1.1768565 0.6032094 0.6080087 0.6080087 0.6749185 0.6417019 0.6835599 0.6207482
gi|5542539 0.1440989 0.1440989 0.1440989 0.1440989 0.1440989 0.1440989 0.1440989 0.1440989 0.1440989 0.1682580 0.1660739 0.1881100 0.0000000 0.1710775 0.2160308 0.1409376 0.1710775 0.0000000 0.2057176 0.2231184 0.1409376 0.2123414 0.1159347 0.1767088 0.1767088 0.1676443 0.2943430 0.1409376 0.2617723 0.2657493 0.1409376 0.2090895 0.2090895 0.2468741 0.2447359 0.1850034 0.3076289 0.1767088 0.3709155 0.2072327 0.2859675 0.1409376 0.2671624 0.1409376 0.1409376 0.1409376 0.1409376 0.1409376 0.1409376 0.1409376 0.1409376 0.1409376 0.1409376 0.3672307 0.2783690 0.1409376 0.1409376 0.2179668 0.2179668 0.1409376 0.2179668 0.2179668 0.2179668 0.2179668 0.2179668 0.2179668 0.3227661 0.2459375 0.1409376 0.3557287 0.3110222 0.3505474 0.3205033 0.2892480 0.2872349 0.2823282 0.2872349 0.2872349 0.2872349 0.4254367 0.3011145 0.3545171 0.2872349 0.2872349 0.2872349 0.2872349 0.2872349 0.2983023 0.2916112 0.2983023 0.2983023 0.2971613 0.3491266 0.4291448 0.4201515 0.4262634 0.4508466 0.5154445 0.4508466 0.4139164 0.4139164 0.4139164 0.4361056 0.4741376 0.4329698 0.4626966 0.4626966 0.4416654 0.4626966 0.4626966 0.4626966 0.4262634 0.4262634 0.4262634 0.3873893 0.4500719 0.3667882 0.5313053 0.5313053 0.5455827 0.5347042 0.3872781 0.5575473 0.5218395 0.5505541 0.5172114 0.5291226 0.4804632 0.5573401 0.4668007 0.4668007 0.4668007 0.4668007 0.6575541 0.6575541 0.5182220 0.5572255 0.5204855 0.5598438 0.5245304 0.5245304 0.5688583 1.1240980 1.1240980 1.2123574 1.1240980 1.1240980 1.2123574 0.5808951 1.1240980 1.1240980 1.1445954 0.5646445 0.5674902 0.5674902 0.6315537 0.5995628 0.6485964 0.5925874
gi|1052245 0.0948228 0.0948228 0.0948228 0.0948228 0.0948228 0.0948228 0.0948228 0.0948228 0.0948228 0.1483387 0.1291718 0.1491748 0.1710775 0.0000000 0.1905087 0.1027420 0.0000000 0.1710775 0.1262212 0.1873662 0.1027420 0.2346778 0.2076996 0.1649529 0.1649529 0.1398230 0.2669245 0.1027420 0.2471092 0.3108062 0.1027420 0.2142881 0.2142881 0.2326773 0.2957808 0.1554641 0.3102840 0.1649529 0.3765262 0.1855834 0.2866234 0.1027420 0.2546515 0.1027420 0.1027420 0.1027420 0.1027420 0.1027420 0.1027420 0.1027420 0.1027420 0.1027420 0.1027420 0.3741485 0.3147388 0.1027420 0.1027420 0.2170401 0.2170401 0.1027420 0.2170401 0.2170401 0.2170401 0.2170401 0.2170401 0.2170401 0.2991893 0.2331314 0.1027420 0.3633606 0.3170728 0.3355063 0.3027206 0.2599730 0.2928078 0.2515227 0.2928078 0.2928078 0.2928078 0.4293784 0.2994156 0.3403171 0.2928078 0.2928078 0.2928078 0.2928078 0.2928078 0.3037279 0.2807816 0.3037279 0.3037279 0.3027037 0.3463028 0.4395489 0.4300567 0.4385252 0.4863458 0.5330480 0.4863458 0.4343129 0.4343129 0.4343129 0.4483905 0.4912957 0.4526818 0.4805107 0.4805107 0.4577056 0.4805107 0.4805107 0.4805107 0.4385252 0.4385252 0.4385252 0.3932536 0.4661277 0.3506254 0.5278487 0.5278487 0.5429685 0.5455215 0.3846800 0.5653967 0.5275181 0.5536621 0.5248106 0.5367244 0.5026990 0.5628567 0.4875291 0.4875291 0.4875291 0.4875291 0.6393656 0.6393656 0.5357772 0.5702409 0.5358120 0.5796503 0.5534651 0.5534651 0.5891842 1.1353723 1.1353723 1.2222225 1.1353723 1.1353723 1.2222225 0.5918935 1.1353723 1.1353723 1.1552767 0.5818640 0.5863242 0.5863242 0.6544947 0.6160737 0.6681827 0.6167768
gi|1015812 0.1652953 0.1652953 0.1652953 0.1652953 0.1652953 0.1652953 0.1652953 0.1652953 0.1652953 0.1905089 0.1868463 0.2018571 0.2160308 0.1905087 0.0000000 0.2160581 0.1905087 0.2160308 0.2213085 0.2454168 0.2160581 0.2056310 0.2452575 0.2478439 0.2478439 0.2541827 0.3015016 0.2160581 0.3096958 0.3352454 0.2160581 0.2588158 0.2588158 0.2710162 0.3259881 0.2009880 0.3080120 0.2478439 0.3962529 0.2608851 0.2889649 0.2160581 0.2838168 0.2160581 0.2160581 0.2160581 0.2160581 0.2160581 0.2160581 0.2160581 0.2160581 0.2160581 0.2160581 0.3935775 0.3415909 0.2160581 0.2160581 0.2336175 0.2336175 0.2160581 0.2336175 0.2336175 0.2336175 0.2336175 0.2336175 0.2336175 0.3229127 0.2933910 0.2160581 0.4003378 0.3388505 0.3797813 0.3522078 0.3015643 0.3194955 0.3092409 0.3194955 0.3194955 0.3194955 0.4241236 0.3254454 0.3797796 0.3194955 0.3194955 0.3194955 0.3194955 0.3194955 0.3223154 0.3467457 0.3223154 0.3223154 0.3210048 0.3504388 0.4436724 0.4345167 0.4558518 0.5086447 0.5343643 0.5086447 0.4498476 0.4498476 0.4498476 0.4646389 0.5055728 0.4694859 0.4952055 0.4952055 0.4734498 0.4952055 0.4952055 0.4952055 0.4558518 0.4558518 0.4558518 0.3701911 0.4739807 0.3989602 0.5578670 0.5578670 0.5789433 0.5784966 0.4148873 0.5938121 0.5564111 0.5775594 0.5555153 0.5666438 0.5100495 0.5879987 0.4776394 0.4776394 0.4776394 0.4776394 0.6799578 0.6799578 0.5314215 0.5719510 0.5542220 0.5749499 0.5496010 0.5496010 0.5962795 1.1366909 1.1366909 1.2232022 1.1366909 1.1366909 1.2232022 0.5831698 1.1366909 1.1366909 1.1576905 0.5860283 0.5950779 0.5950779 0.6909343 0.6189494 0.7042830 0.6114222
gi|3237144 0.1402911 0.1402911 0.1402911 0.1402911 0.1402911 0.1402911 0.1402911 0.1402911 0.1402911 0.1787062 0.1654255 0.1810824 0.1409376 0.1027420 0.2160581 0.0000000 0.1027420 0.1409376 0.1623929 0.2163385 0.0000000 0.2142816 0.1854337 0.1345302 0.1345302 0.0923175 0.2921411 0.0000000 0.2298290 0.2990862 0.0000000 0.1930176 0.1930176 0.2520381 0.2833389 0.1864002 0.3284429 0.1345302 0.3903724 0.1539810 0.3045592 0.0000000 0.2733710 0.0000000 0.0000000 0.0000000 0.0000000 0.0000000 0.0000000 0.0000000 0.0000000 0.0000000 0.0000000 0.3864751 0.3066046 0.0000000 0.0000000 0.1710494 0.1710494 0.0000000 0.1710494 0.1710494 0.1710494 0.1710494 0.1710494 0.1710494 0.3178195 0.2099990 0.0000000 0.3536587 0.3040527 0.3249009 0.2836824 0.2475111 0.2786144 0.2377603 0.2786144 0.2786144 0.2786144 0.4432710 0.2858966 0.3319537 0.2786144 0.2786144 0.2786144 0.2786144 0.2786144 0.2901303 0.2588207 0.2901303 0.2901303 0.2897576 0.3372664 0.4325305 0.4230481 0.4349482 0.4781205 0.5294091 0.4781205 0.4284086 0.4284086 0.4284086 0.4420257 0.4868329 0.4468066 0.4756706 0.4756706 0.4504815 0.4756706 0.4756706 0.4756706 0.4349482 0.4349482 0.4349482 0.3821620 0.4632982 0.3343505 0.5231970 0.5231970 0.5449578 0.5445477 0.3839390 0.5639540 0.5290756 0.5547859 0.5262298 0.5380080 0.5048621 0.5635775 0.4858231 0.4858231 0.4858231 0.4858231 0.6384910 0.6384910 0.5299048 0.5755299 0.5339405 0.5777060 0.5529992 0.5529992 0.5897841 1.1359283 1.1359283 1.2229582 1.1359283 1.1359283 1.2229582 0.5980160 1.1359283 1.1359283 1.1563161 0.5834211 0.5877093 0.5877093 0.6595344 0.6158288 0.6737832 0.6166209
gi|3749777 0.0948228 0.0948228 0.0948228 0.0948228 0.0948228 0.0948228 0.0948228 0.0948228 0.0948228 0.1483387 0.1291718 0.1491748 0.1710775 0.0000000 0.1905087 0.1027420 0.0000000 0.1710775 0.1262212 0.1873662 0.1027420 0.2346778 0.2076996 0.1649529 0.1649529 0.1398230 0.2669245 0.1027420 0.2471092 0.3108062 0.1027420 0.2142881 0.2142881 0.2326773 0.2957808 0.1554641 0.3102840 0.1649529 0.3765262 0.1855834 0.2866234 0.1027420 0.2546515 0.1027420 0.1027420 0.1027420 0.1027420 0.1027420 0.1027420 0.1027420 0.1027420 0.1027420 0.1027420 0.3741485 0.3147388 0.1027420 0.1027420 0.2170401 0.2170401 0.1027420 0.2170401 0.2170401 0.2170401 0.2170401 0.2170401 0.2170401 0.2991893 0.2331314 0.1027420 0.3633606 0.3170728 0.3355063 0.3027206 0.2599730 0.2928078 0.2515227 0.2928078 0.2928078 0.2928078 0.4293784 0.2994156 0.3403171 0.2928078 0.2928078 0.2928078 0.2928078 0.2928078 0.3037279 0.2807816 0.3037279 0.3037279 0.3027037 0.3463028 0.4395489 0.4300567 0.4385252 0.4863458 0.5330480 0.4863458 0.4343129 0.4343129 0.4343129 0.4483905 0.4912957 0.4526818 0.4805107 0.4805107 0.4577056 0.4805107 0.4805107 0.4805107 0.4385252 0.4385252 0.4385252 0.3932536 0.4661277 0.3506254 0.5278487 0.5278487 0.5429685 0.5455215 0.3846800 0.5653967 0.5275181 0.5536621 0.5248106 0.5367244 0.5026990 0.5628567 0.4875291 0.4875291 0.4875291 0.4875291 0.6393656 0.6393656 0.5357772 0.5702409 0.5358120 0.5796503 0.5534651 0.5534651 0.5891842 1.1353723 1.1353723 1.2222225 1.1353723 1.1353723 1.2222225 0.5918935 1.1353723 1.1353723 1.1552767 0.5818640 0.5863242 0.5863242 0.6544947 0.6160737 0.6681827 0.6167768
gi|2224469 0.1440989 0.1440989 0.1440989 0.1440989 0.1440989 0.1440989 0.1440989 0.1440989 0.1440989 0.1682580 0.1660739 0.1881100 0.0000000 0.1710775 0.2160308 0.1409376 0.1710775 0.0000000 0.2057176 0.2231184 0.1409376 0.2123414 0.1159347 0.1767088 0.1767088 0.1676443 0.2943430 0.1409376 0.2617723 0.2657493 0.1409376 0.2090895 0.2090895 0.2468741 0.2447359 0.1850034 0.3076289 0.1767088 0.3709155 0.2072327 0.2859675 0.1409376 0.2671624 0.1409376 0.1409376 0.1409376 0.1409376 0.1409376 0.1409376 0.1409376 0.1409376 0.1409376 0.1409376 0.3672307 0.2783690 0.1409376 0.1409376 0.2179668 0.2179668 0.1409376 0.2179668 0.2179668 0.2179668 0.2179668 0.2179668 0.2179668 0.3227661 0.2459375 0.1409376 0.3557287 0.3110222 0.3505474 0.3205033 0.2892480 0.2872349 0.2823282 0.2872349 0.2872349 0.2872349 0.4254367 0.3011145 0.3545171 0.2872349 0.2872349 0.2872349 0.2872349 0.2872349 0.2983023 0.2916112 0.2983023 0.2983023 0.2971613 0.3491266 0.4291448 0.4201515 0.4262634 0.4508466 0.5154445 0.4508466 0.4139164 0.4139164 0.4139164 0.4361056 0.4741376 0.4329698 0.4626966 0.4626966 0.4416654 0.4626966 0.4626966 0.4626966 0.4262634 0.4262634 0.4262634 0.3873893 0.4500719 0.3667882 0.5313053 0.5313053 0.5455827 0.5347042 0.3872781 0.5575473 0.5218395 0.5505541 0.5172114 0.5291226 0.4804632 0.5573401 0.4668007 0.4668007 0.4668007 0.4668007 0.6575541 0.6575541 0.5182220 0.5572255 0.5204855 0.5598438 0.5245304 0.5245304 0.5688583 1.1240980 1.1240980 1.2123574 1.1240980 1.1240980 1.2123574 0.5808951 1.1240980 1.1240980 1.1445954 0.5646445 0.5674902 0.5674902 0.6315537 0.5995628 0.6485964 0.5925874
gi|1091574 0.1561045 0.1561045 0.1561045 0.1561045 0.1561045 0.1561045 0.1561045 0.1561045 0.1561045 0.1936484 0.1806173 0.1895092 0.2057176 0.1262212 0.2213085 0.1623929 0.1262212 0.2057176 0.0000000 0.2292182 0.1623929 0.2574476 0.2343112 0.2003121 0.2003121 0.1914789 0.2718921 0.1623929 0.2979606 0.3389508 0.1623929 0.2398403 0.2398403 0.2552577 0.3254451 0.0920647 0.3051682 0.2003121 0.3812018 0.2319151 0.3065105 0.1623929 0.2583933 0.1623929 0.1623929 0.1623929 0.1623929 0.1623929 0.1623929 0.1623929 0.1623929 0.1623929 0.1623929 0.3831749 0.3257495 0.1623929 0.1623929 0.2404811 0.2404811 0.1623929 0.2404811 0.2404811 0.2404811 0.2404811 0.2404811 0.2404811 0.2943326 0.2717120 0.1623929 0.3609252 0.3118924 0.3671234 0.3321552 0.2733400 0.3127086 0.2775091 0.3127086 0.3127086 0.3127086 0.4155929 0.3153155 0.3682515 0.3127086 0.3127086 0.3127086 0.3127086 0.3127086 0.3199535 0.3198713 0.3199535 0.3199535 0.3093110 0.3549003 0.4711782 0.4490195 0.4461942 0.4845943 0.5282145 0.4845943 0.4349831 0.4349831 0.4349831 0.4360279 0.4877511 0.4628379 0.4808561 0.4808561 0.4511467 0.4808561 0.4808561 0.4808561 0.4461942 0.4461942 0.4461942 0.4051967 0.4582841 0.3798068 0.5362316 0.5362316 0.5264367 0.5279560 0.3989994 0.5435960 0.5053690 0.5269910 0.4995513 0.5101332 0.4838708 0.5334886 0.4704672 0.4704672 0.4704672 0.4704672 0.6608375 0.6608375 0.5226008 0.5601691 0.5152392 0.5676161 0.5379906 0.5379906 0.5710055 1.1163946 1.1163946 1.2035767 1.1163946 1.1163946 1.2035767 0.5982361 1.1163946 1.1163946 1.1342891 0.5532048 0.5577881 0.5577881 0.6469454 0.6107409 0.6655951 0.6204605
gi|4025501 0.1620748 0.1620748 0.1620748 0.1620748 0.1620748 0.1620748 0.1620748 0.1620748 0.1620748 0.1934823 0.1838294 0.2088200 0.2231184 0.1873662 0.2454168 0.2163385 0.1873662 0.2231184 0.2292182 0.0000000 0.2163385 0.2856416 0.2509391 0.2506536 0.2506536 0.2397187 0.2238915 0.2163385 0.3082709 0.3442324 0.2163385 0.2834865 0.2834865 0.2744875 0.3340780 0.2097702 0.3395685 0.2506536 0.3983003 0.2655161 0.3047808 0.2163385 0.2895557 0.2163385 0.2163385 0.2163385 0.2163385 0.2163385 0.2163385 0.2163385 0.2163385 0.2163385 0.2163385 0.4127431 0.3579016 0.2163385 0.2163385 0.2916635 0.2916635 0.2163385 0.2916635 0.2916635 0.2916635 0.2916635 0.2916635 0.2916635 0.3533100 0.2978104 0.2163385 0.4069512 0.3700600 0.3894097 0.3005894 0.3100880 0.3356950 0.2645830 0.3356950 0.3356950 0.3356950 0.4493588 0.3341560 0.3844261 0.3356950 0.3356950 0.3356950 0.3356950 0.3356950 0.3436968 0.3639834 0.3436968 0.3436968 0.3410335 0.4116650 0.5004579 0.4910733 0.4403914 0.5389673 0.5674338 0.5389673 0.4360666 0.4360666 0.4360666 0.4437523 0.4874422 0.4533533 0.4780629 0.4780629 0.4490880 0.4780629 0.4780629 0.4780629 0.4403914 0.4403914 0.4403914 0.4112556 0.4574993 0.3470969 0.5292150 0.5292150 0.5529453 0.5566474 0.3872413 0.5771486 0.5359669 0.5626116 0.5338927 0.5464382 0.5083302 0.5751615 0.4561526 0.4561526 0.4561526 0.4561526 0.6293049 0.6293049 0.5736993 0.5886500 0.5536253 0.5866165 0.5734650 0.5734650 0.6017506 1.1497208 1.1497208 1.2368549 1.1497208 1.1497208 1.2368549 0.6155100 1.1497208 1.1497208 1.1725055 0.5918325 0.5949422 0.5949422 0.6646308 0.6225250 0.6787113 0.6390588
gi|1126132 0.1402911 0.1402911 0.1402911 0.1402911 0.1402911 0.1402911 0.1402911 0.1402911 0.1402911 0.1787062 0.1654255 0.1810824 0.1409376 0.1027420 0.2160581 0.0000000 0.1027420 0.1409376 0.1623929 0.2163385 0.0000000 0.2142816 0.1854337 0.1345302 0.1345302 0.0923175 0.2921411 0.0000000 0.2298290 0.2990862 0.0000000 0.1930176 0.1930176 0.2520381 0.2833389 0.1864002 0.3284429 0.1345302 0.3903724 0.1539810 0.3045592 0.0000000 0.2733710 0.0000000 0.0000000 0.0000000 0.0000000 0.0000000 0.0000000 0.0000000 0.0000000 0.0000000 0.0000000 0.3864751 0.3066046 0.0000000 0.0000000 0.1710494 0.1710494 0.0000000 0.1710494 0.1710494 0.1710494 0.1710494 0.1710494 0.1710494 0.3178195 0.2099990 0.0000000 0.3536587 0.3040527 0.3249009 0.2836824 0.2475111 0.2786144 0.2377603 0.2786144 0.2786144 0.2786144 0.4432710 0.2858966 0.3319537 0.2786144 0.2786144 0.2786144 0.2786144 0.2786144 0.2901303 0.2588207 0.2901303 0.2901303 0.2897576 0.3372664 0.4325305 0.4230481 0.4349482 0.4781205 0.5294091 0.4781205 0.4284086 0.4284086 0.4284086 0.4420257 0.4868329 0.4468066 0.4756706 0.4756706 0.4504815 0.4756706 0.4756706 0.4756706 0.4349482 0.4349482 0.4349482 0.3821620 0.4632982 0.3343505 0.5231970 0.5231970 0.5449578 0.5445477 0.3839390 0.5639540 0.5290756 0.5547859 0.5262298 0.5380080 0.5048621 0.5635775 0.4858231 0.4858231 0.4858231 0.4858231 0.6384910 0.6384910 0.5299048 0.5755299 0.5339405 0.5777060 0.5529992 0.5529992 0.5897841 1.1359283 1.1359283 1.2229582 1.1359283 1.1359283 1.2229582 0.5980160 1.1359283 1.1359283 1.1563161 0.5834211 0.5877093 0.5877093 0.6595344 0.6158288 0.6737832 0.6166209
gi|2585881 0.2155875 0.2155875 0.2155875 0.2155875 0.2155875 0.2155875 0.2155875 0.2155875 0.2155875 0.2544098 0.2315411 0.2449849 0.2123414 0.2346778 0.2056310 0.2142816 0.2346778 0.2123414 0.2574476 0.2856416 0.2142816 0.0000000 0.2421620 0.2414254 0.2414254 0.2336695 0.3346193 0.2142816 0.3094682 0.3293857 0.2142816 0.2227210 0.2227210 0.2973076 0.3271150 0.2410937 0.3262536 0.2414254 0.4155024 0.2584497 0.3157581 0.2142816 0.3104555 0.2142816 0.2142816 0.2142816 0.2142816 0.2142816 0.2142816 0.2142816 0.2142816 0.2142816 0.2142816 0.4059424 0.3422162 0.2142816 0.2142816 0.2347977 0.2347977 0.2142816 0.2347977 0.2347977 0.2347977 0.2347977 0.2347977 0.2347977 0.3400054 0.2892062 0.2142816 0.3954622 0.3287030 0.3762353 0.3553355 0.3312590 0.3177507 0.3179251 0.3177507 0.3177507 0.3177507 0.4428374 0.3286111 0.3922162 0.3177507 0.3177507 0.3177507 0.3177507 0.3177507 0.3247451 0.3424089 0.3247451 0.3247451 0.3235018 0.3521031 0.4451627 0.4353577 0.4368466 0.4874099 0.5246384 0.4874099 0.4304865 0.4304865 0.4304865 0.4434384 0.4845292 0.4499893 0.4738057 0.4738057 0.4503713 0.4738057 0.4738057 0.4738057 0.4368466 0.4368466 0.4368466 0.3823564 0.4618554 0.4059482 0.5594628 0.5594628 0.5573110 0.5579056 0.4168788 0.5767043 0.5337797 0.5588176 0.5317443 0.5419800 0.4862515 0.5666075 0.4928285 0.4928285 0.4928285 0.4928285 0.6802309 0.6802309 0.5159613 0.5716132 0.5281253 0.5755311 0.5531463 0.5531463 0.5743177 1.1196740 1.1196740 1.2065025 1.1196740 1.1196740 1.2065025 0.5789881 1.1196740 1.1196740 1.1499988 0.5620626 0.5662816 0.5662816 0.6619239 0.5966115 0.6948222 0.5891560
gi|1584289 0.1844307 0.1844307 0.1844307 0.1844307 0.1844307 0.1844307 0.1844307 0.1844307 0.1844307 0.2016614 0.1995778 0.2002493 0.1159347 0.2076996 0.2452575 0.1854337 0.2076996 0.1159347 0.2343112 0.2509391 0.1854337 0.2421620 0.0000000 0.2144879 0.2144879 0.2074302 0.3158998 0.1854337 0.2868097 0.2928479 0.1854337 0.2471980 0.2471980 0.2539340 0.2510541 0.2151806 0.3192108 0.2144879 0.3823030 0.2227103 0.3161630 0.1854337 0.2622797 0.1854337 0.1854337 0.1854337 0.1854337 0.1854337 0.1854337 0.1854337 0.1854337 0.1854337 0.1854337 0.3808980 0.2864427 0.1854337 0.1854337 0.2503699 0.2503699 0.1854337 0.2503699 0.2503699 0.2503699 0.2503699 0.2503699 0.2503699 0.3345537 0.2760388 0.1854337 0.3718035 0.3240286 0.3627073 0.3366669 0.2931197 0.3196056 0.2991774 0.3196056 0.3196056 0.3196056 0.4192113 0.3265648 0.3671398 0.3196056 0.3196056 0.3196056 0.3196056 0.3196056 0.3289688 0.3167598 0.3289688 0.3289688 0.3191396 0.3377195 0.4662060 0.4565463 0.4090007 0.4928951 0.5113227 0.4928951 0.3802390 0.3802390 0.3802390 0.4053219 0.4400530 0.4065112 0.4284005 0.4284005 0.4121233 0.4284005 0.4284005 0.4284005 0.4090007 0.4090007 0.4090007 0.4117718 0.4119024 0.3725637 0.5282416 0.5282416 0.5483100 0.5353412 0.4115816 0.5586594 0.5196119 0.5475210 0.5137271 0.5256823 0.4778945 0.5529273 0.4569907 0.4569907 0.4569907 0.4569907 0.6526645 0.6526645 0.5364830 0.5534738 0.5108341 0.5809129 0.5319253 0.5319253 0.5521629 1.1335585 1.1335585 1.2224244 1.1335585 1.1335585 1.2224244 0.5998129 1.1335585 1.1335585 1.1453746 0.5515879 0.5525925 0.5525925 0.6237338 0.6058502 0.6310022 0.5896639
gi|1578351 0.1882919 0.1882919 0.1882919 0.1882919 0.1882919 0.1882919 0.1882919 0.1882919 0.1882919 0.2180869 0.2064710 0.2181482 0.1767088 0.1649529 0.2478439 0.1345302 0.1649529 0.1767088 0.2003121 0.2506536 0.1345302 0.2414254 0.2144879 0.0000000 0.0000000 0.1668193 0.3178350 0.1345302 0.2210266 0.2717818 0.1345302 0.1385360 0.1385360 0.2363441 0.2632334 0.2183981 0.3250817 0.0000000 0.3688757 0.1840710 0.2578685 0.1345302 0.2572409 0.1345302 0.1345302 0.1345302 0.1345302 0.1345302 0.1345302 0.1345302 0.1345302 0.1345302 0.1345302 0.3557663 0.2763631 0.1345302 0.1345302 0.2142578 0.2142578 0.1345302 0.2142578 0.2142578 0.2142578 0.2142578 0.2142578 0.2142578 0.3152405 0.2427621 0.1345302 0.3317230 0.3031078 0.3059085 0.3334462 0.2763313 0.2268130 0.2878408 0.2268130 0.2268130 0.2268130 0.4363299 0.2448722 0.3514762 0.2268130 0.2268130 0.2268130 0.2268130 0.2268130 0.2418728 0.2927924 0.2418728 0.2418728 0.2515214 0.2998448 0.4196446 0.4114688 0.3924195 0.4523121 0.4934114 0.4523121 0.3928180 0.3928180 0.3928180 0.4049882 0.4446776 0.4029595 0.4342234 0.4342234 0.4115185 0.4342234 0.4342234 0.4342234 0.3924195 0.3924195 0.3924195 0.3859497 0.4385415 0.3682782 0.5599446 0.5599446 0.5193548 0.5181169 0.3484985 0.5427341 0.5013879 0.5306960 0.4958721 0.5079105 0.4594562 0.5380442 0.4622069 0.4622069 0.4622069 0.4622069 0.6502163 0.6502163 0.5019037 0.5559643 0.4920939 0.5476924 0.5200472 0.5200472 0.5656568 1.1211591 1.1211591 1.2092288 1.1211591 1.1211591 1.2092288 0.5736217 1.1211591 1.1211591 1.1409466 0.5762371 0.5806785 0.5806785 0.6249651 0.6105040 0.6413514 0.5689037
