   159
gi|1258500 0.0000000 0.0000000 0.0000000 0.0000000 0.0000000 0.0000000 0.0000000 0.0000000 0.0000000 0.0051020 0.0022321 0.0044643 0.0038265 0.0020693 0.0070153 0.0044958 0.0020693 0.0038265 0.0073467 0.0226403 0.0044958 0.0063776 0.0095663 0.0079741 0.0079741 0.0069345 0.0497449 0.0044958 0.0111095 0.0111607 0.0044958 0.0098113 0.0098113 0.0073342 0.0220026 0.0031888 0.0404974 0.0079741 0.0385842 0.0073128 0.0038265 0.0044958 0.0156250 0.0044958 0.0044958 0.0044958 0.0044958 0.0044958 0.0044958 0.0044958 0.0044958 0.0044958 0.0044958 0.0293367 0.0130740 0.0044958 0.0044958 0.0028791 0.0028791 0.0044958 0.0028791 0.0028791 0.0028791 0.0028791 0.0028791 0.0028791 0.0332145 0.0190215 0.0044958 0.0412879 0.0399651 0.0172334 0.0160576 0.0186541 0.0098113 0.0155677 0.0098113 0.0098113 0.0098113 0.0535714 0.0136326 0.0739892 0.0098113 0.0098113 0.0098113 0.0098113 0.0098113 0.0100072 0.0324953 0.0100072 0.0100072 0.0128487 0.0566710 0.0583014 0.0447600 0.0585571 0.0648056 0.0880496 0.0648056 0.0947858 0.0947858 0.0947858 0.0534376 0.0571609 0.0797946 0.0664691 0.0664691 0.0489549 0.0664691 0.0664691 0.0664691 0.0585571 0.0585571 0.0585571 0.0208097 0.0773696 0.0161311 0.1456702 0.1456702 0.1256010 0.1199181 0.0619620 0.1517866 0.1350562 0.1696682 0.1509782 0.1677086 0.0564505 0.2267670 0.0599884 0.0599884 0.0599884 0.0599884 0.1294643 0.1294643 0.0906675 0.1359458 0.1019158 0.1759230 0.1873092 0.1873092 0.1949895 0.3831452 0.3831452 0.3862404 0.3831452 0.3831452 0.3862404 0.0687511 0.3831452 0.3831452 0.4470663 0.0974309 0.0899200 0.0899200 0.0967260 0.2701855 0.1172104 0.2093892
gi|6459853 0.0000000 0.0000000 0.0000000 0.0000000 0.0000000 0.0000000 0.0000000 0.0000000 0.0000000 0.0051020 0.0022321 0.0044643 0.0038265 0.0020693 0.0070153 0.0044958 0.0020693 0.0038265 0.0073467 0.0226403 0.0044958 0.0063776 0.0095663 0.0079741 0.0079741 0.0069345 0.0497449 0.0044958 0.0111095 0.0111607 0.0044958 0.0098113 0.0098113 0.0073342 0.0220026 0.0031888 0.0404974 0.0079741 0.0385842 0.0073128 0.0038265 0.0044958 0.0156250 0.0044958 0.0044958 0.0044958 0.0044958 0.0044958 0.0044958 0.0044958 0.0044958 0.0044958 0.0044958 0.0293367 0.0130740 0.0044958 0.0044958 0.0028791 0.0028791 0.0044958 0.0028791 0.0028791 0.0028791 0.0028791 0.0028791 0.0028791 0.0332145 0.0190215 0.0044958 0.0412879 0.0399651 0.0172334 0.0160576 0.0186541 0.0098113 0.0155677 0.0098113 0.0098113 0.0098113 0.0535714 0.0136326 0.0739892 0.0098113 0.0098113 0.0098113 0.0098113 0.0098113 0.0100072 0.0324953 0.0100072 0.0100072 0.0128487 0.0566710 0.0583014 0.0447600 0.0585571 0.0648056 0.0880496 0.0648056 0.0947858 0.0947858 0.0947858 0.0534376 0.0571609 0.0797946 0.0664691 0.0664691 0.0489549 0.0664691 0.0664691 0.0664691 0.0585571 0.0585571 0.0585571 0.0208097 0.0773696 0.0161311 0.1456702 0.1456702 0.1256010 0.1199181 0.0619620 0.1517866 0.1350562 0.1696682 0.1509782 0.1677086 0.0564505 0.2267670 0.0599884 0.0599884 0.0599884 0.0599884 0.1294643 0.1294643 0.0906675 0.1359458 0.1019158 0.1759230 0.1873092 0.1873092 0.1949895 0.3831452 0.3831452 0.3862404 0.3831452 0.3831452 0.3862404 0.0687511 0.3831452 0.3831452 0.4470663 0.0974309 0.0899200 0.0899200 0.0967260 0.2701855 0.1172104 0.2093892
gi|2895264 0.0000000 0.0000000 0.0000000 0.0000000 0.0000000 0.0000000 0.0000000 0.0000000 0.0000000 0.0051020 0.0022321 0.0044643 0.0038265 0.0020693 0.0070153 0.0044958 0.0020693 0.0038265 0.0073467 0.0226403 0.0044958 0.0063776 0.0095663 0.0079741 0.0079741 0.0069345 0.0497449 0.0044958 0.0111095 0.0111607 0.0044958 0.0098113 0.0098113 0.0073342 0.0220026 0.0031888 0.0404974 0.0079741 0.0385842 0.0073128 0.0038265 0.0044958 0.0156250 0.0044958 0.0044958 0.0044958 0.0044958 0.0044958 0.0044958 0.0044958 0.0044958 0.0044958 0.0044958 0.0293367 0.0130740 0.0044958 0.0044958 0.0028791 0.0028791 0.0044958 0.0028791 0.0028791 0.0028791 0.0028791 0.0028791 0.0028791 0.0332145 0.0190215 0.0044958 0.0412879 0.0399651 0.0172334 0.0160576 0.0186541 0.0098113 0.0155677 0.0098113 0.0098113 0.0098113 0.0535714 0.0136326 0.0739892 0.0098113 0.0098113 0.0098113 0.0098113 0.0098113 0.0100072 0.0324953 0.0100072 0.0100072 0.0128487 0.0566710 0.0583014 0.0447600 0.0585571 0.0648056 0.0880496 0.0648056 0.0947858 0.0947858 0.0947858 0.0534376 0.0571609 0.0797946 0.0664691 0.0664691 0.0489549 0.0664691 0.0664691 0.0664691 0.0585571 0.0585571 0.0585571 0.0208097 0.0773696 0.0161311 0.1456702 0.1456702 0.1256010 0.1199181 0.0619620 0.1517866 0.1350562 0.1696682 0.1509782 0.1677086 0.0564505 0.2267670 0.0599884 0.0599884 0.0599884 0.0599884 0.1294643 0.1294643 0.0906675 0.1359458 0.1019158 0.1759230 0.1873092 0.1873092 0.1949895 0.3831452 0.3831452 0.3862404 0.3831452 0.3831452 0.3862404 0.0687511 0.3831452 0.3831452 0.4470663 0.0974309 0.0899200 0.0899200 0.0967260 0.2701855 0.1172104 0.2093892
gi|3033247 0.0000000 0.0000000 0.0000000 0.0000000 0.0000000 0.0000000 0.0000000 0.0000000 0.0000000 0.0051020 0.0022321 0.0044643 0.0038265 0.0020693 0.0070153 0.0044958 0.0020693 0.0038265 0.0073467 0.0226403 0.0044958 0.0063776 0.0095663 0.0079741 0.0079741 0.0069345 0.0497449 0.0044958 0.0111095 0.0111607 0.0044958 0.0098113 0.0098113 0.0073342 0.0220026 0.0031888 0.0404974 0.0079741 0.0385842 0.0073128 0.0038265 0.0044958 0.0156250 0.0044958 0.0044958 0.0044958 0.0044958 0.0044958 0.0044958 0.0044958 0.0044958 0.0044958 0.0044958 0.0293367 0.0130740 0.0044958 0.0044958 0.0028791 0.0028791 0.0044958 0.0028791 0.0028791 0.0028791 0.0028791 0.0028791 0.0028791 0.0332145 0.0190215 0.0044958 0.0412879 0.0399651 0.0172334 0.0160576 0.0186541 0.0098113 0.0155677 0.0098113 0.0098113 0.0098113 0.0535714 0.0136326 0.0739892 0.0098113 0.0098113 0.0098113 0.0098113 0.0098113 0.0100072 0.0324953 0.0100072 0.0100072 0.0128487 0.0566710 0.0583014 0.0447600 0.0585571 0.0648056 0.0880496 0.0648056 0.0947858 0.0947858 0.0947858 0.0534376 0.0571609 0.0797946 0.0664691 0.0664691 0.0489549 0.0664691 0.0664691 0.0664691 0.0585571 0.0585571 0.0585571 0.0208097 0.0773696 0.0161311 0.1456702 0.1456702 0.1256010 0.1199181 0.0619620 0.1517866 0.1350562 0.1696682 0.1509782 0.1677086 0.0564505 0.2267670 0.0599884 0.0599884 0.0599884 0.0599884 0.1294643 0.1294643 0.0906675 0.1359458 0.1019158 0.1759230 0.1873092 0.1873092 0.1949895 0.3831452 0.3831452 0.3862404 0.3831452 0.3831452 0.3862404 0.0687511 0.3831452 0.3831452 0.4470663 0.0974309 0.0899200 0.0899200 0.0967260 0.2701855 0.1172104 0.2093892
gi|9903257 0.0000000 0.0000000 0.0000000 0.0000000 0.0000000 0.0000000 0.0000000 0.0000000 0.0000000 0.0051020 0.0022321 0.0044643 0.0038265 0.0020693 0.0070153 0.0044958 0.0020693 0.0038265 0.0073467 0.0226403 0.0044958 0.0063776 0.0095663 0.0079741 0.0079741 0.0069345 0.0497449 0.0044958 0.0111095 0.0111607 0.0044958 0.0098113 0.0098113 0.0073342 0.0220026 0.0031888 0.0404974 0.0079741 0.0385842 0.0073128 0.0038265 0.0044958 0.0156250 0.0044958 0.0044958 0.0044958 0.0044958 0.0044958 0.0044958 0.0044958 0.0044958 0.0044958 0.0044958 0.0293367 0.0130740 0.0044958 0.0044958 0.0028791 0.0028791 0.0044958 0.0028791 0.0028791 0.0028791 0.0028791 0.0028791 0.0028791 0.0332145 0.0190215 0.0044958 0.0412879 0.0399651 0.0172334 0.0160576 0.0186541 0.0098113 0.0155677 0.0098113 0.0098113 0.0098113 0.0535714 0.0136326 0.0739892 0.0098113 0.0098113 0.0098113 0.0098113 0.0098113 0.0100072 0.0324953 0.0100072 0.0100072 0.0128487 0.0566710 0.0583014 0.0447600 0.0585571 0.0648056 0.0880496 0.0648056 0.0947858 0.0947858 0.0947858 0.0534376 0.0571609 0.0797946 0.0664691 0.0664691 0.0489549 0.0664691 0.0664691 0.0664691 0.0585571 0.0585571 0.0585571 0.0208097 0.0773696 0.0161311 0.1456702 0.1456702 0.1256010 0.1199181 0.0619620 0.1517866 0.1350562 0.1696682 0.1509782 0.1677086 0.0564505 0.2267670 0.0599884 0.0599884 0.0599884 0.0599884 0.1294643 0.1294643 0.0906675 0.1359458 0.1019158 0.1759230 0.1873092 0.1873092 0.1949895 0.3831452 0.3831452 0.3862404 0.3831452 0.3831452 0.3862404 0.0687511 0.3831452 0.3831452 0.4470663 0.0974309 0.0899200 0.0899200 0.0967260 0.2701855 0.1172104 0.2093892
gi|3792755 0.0000000 0.0000000 0.0000000 0.0000000 0.0000000 0.0000000 0.0000000 0.0000000 0.0000000 0.0051020 0.0022321 0.0044643 0.0038265 0.0020693 0.0070153 0.0044958 0.0020693 0.0038265 0.0073467 0.0226403 0.0044958 0.0063776 0.0095663 0.0079741 0.0079741 0.0069345 0.0497449 0.0044958 0.0111095 0.0111607 0.0044958 0.0098113 0.0098113 0.0073342 0.0220026 0.0031888 0.0404974 0.0079741 0.0385842 0.0073128 0.0038265 0.0044958 0.0156250 0.0044958 0.0044958 0.0044958 0.0044958 0.0044958 0.0044958 0.0044958 0.0044958 0.0044958 0.0044958 0.0293367 0.0130740 0.0044958 0.0044958 0.0028791 0.0028791 0.0044958 0.0028791 0.0028791 0.0028791 0.0028791 0.0028791 0.0028791 0.0332145 0.0190215 0.0044958 0.0412879 0.0399651 0.0172334 0.0160576 0.0186541 0.0098113 0.0155677 0.0098113 0.0098113 0.0098113 0.0535714 0.0136326 0.0739892 0.0098113 0.0098113 0.0098113 0.0098113 0.0098113 0.0100072 0.0324953 0.0100072 0.0100072 0.0128487 0.0566710 0.0583014 0.0447600 0.0585571 0.0648056 0.0880496 0.0648056 0.0947858 0.0947858 0.0947858 0.0534376 0.0571609 0.0797946 0.0664691 0.0664691 0.0489549 0.0664691 0.0664691 0.0664691 0.0585571 0.0585571 0.0585571 0.0208097 0.0773696 0.0161311 0.1456702 0.1456702 0.1256010 0.1199181 0.0619620 0.1517866 0.1350562 0.1696682 0.1509782 0.1677086 0.0564505 0.2267670 0.0599884 0.0599884 0.0599884 0.0599884 0.1294643 0.1294643 0.0906675 0.1359458 0.1019158 0.1759230 0.1873092 0.1873092 0.1949895 0.3831452 0.3831452 0.3862404 0.3831452 0.3831452 0.3862404 0.0687511 0.3831452 0.3831452 0.4470663 0.0974309 0.0899200 0.0899200 0.0967260 0.2701855 0.1172104 0.2093892
gi|1427822 0.0000000 0.0000000 0.0000000 0.0000000 0.0000000 0.0000000 0.0000000 0.0000000 0.0000000 0.0051020 0.0022321 0.0044643 0.0038265 0.0020693 0.0070153 0.0044958 0.0020693 0.0038265 0.0073467 0.0226403 0.0044958 0.0063776 0.0095663 0.0079741 0.0079741 0.0069345 0.0497449 0.0044958 0.0111095 0.0111607 0.0044958 0.0098113 0.0098113 0.0073342 0.0220026 0.0031888 0.0404974 0.0079741 0.0385842 0.0073128 0.0038265 0.0044958 0.0156250 0.0044958 0.0044958 0.0044958 0.0044958 0.0044958 0.0044958 0.0044958 0.0044958 0.0044958 0.0044958 0.0293367 0.0130740 0.0044958 0.0044958 0.0028791 0.0028791 0.0044958 0.0028791 0.0028791 0.0028791 0.0028791 0.0028791 0.0028791 0.0332145 0.0190215 0.0044958 0.0412879 0.0399651 0.0172334 0.0160576 0.0186541 0.0098113 0.0155677 0.0098113 0.0098113 0.0098113 0.0535714 0.0136326 0.0739892 0.0098113 0.0098113 0.0098113 0.0098113 0.0098113 0.0100072 0.0324953 0.0100072 0.0100072 0.0128487 0.0566710 0.0583014 0.0447600 0.0585571 0.0648056 0.0880496 0.0648056 0.0947858 0.0947858 0.0947858 0.0534376 0.0571609 0.0797946 0.0664691 0.0664691 0.0489549 0.0664691 0.0664691 0.0664691 0.0585571 0.0585571 0.0585571 0.0208097 0.0773696 0.0161311 0.1456702 0.1456702 0.1256010 0.1199181 0.0619620 0.1517866 0.1350562 0.1696682 0.1509782 0.1677086 0.0564505 0.2267670 0.0599884 0.0599884 0.0599884 0.0599884 0.1294643 0.1294643 0.0906675 0.1359458 0.1019158 0.1759230 0.1873092 0.1873092 0.1949895 0.3831452 0.3831452 0.3862404 0.3831452 0.3831452 0.3862404 0.0687511 0.3831452 0.3831452 0.4470663 0.0974309 0.0899200 0.0899200 0.0967260 0.2701855 0.1172104 0.2093892
gi|2537225 0.0000000 0.0000000 0.0000000 0.0000000 0.0000000 0.0000000 0.0000000 0.0000000 0.0000000 0.0051020 0.0022321 0.0044643 0.0038265 0.0020693 0.0070153 0.0044958 0.0020693 0.0038265 0.0073467 0.0226403 0.0044958 0.0063776 0.0095663 0.0079741 0.0079741 0.0069345 0.0497449 0.0044958 0.0111095 0.0111607 0.0044958 0.0098113 0.0098113 0.0073342 0.0220026 0.0031888 0.0404974 0.0079741 0.0385842 0.0073128 0.0038265 0.0044958 0.0156250 0.0044958 0.0044958 0.0044958 0.0044958 0.0044958 0.0044958 0.0044958 0.0044958 0.0044958 0.0044958 0.0293367 0.0130740 0.0044958 0.0044958 0.0028791 0.0028791 0.0044958 0.0028791 0.0028791 0.0028791 0.0028791 0.0028791 0.0028791 0.0332145 0.0190215 0.0044958 0.0412879 0.0399651 0.0172334 0.0160576 0.0186541 0.0098113 0.0155677 0.0098113 0.0098113 0.0098113 0.0535714 0.0136326 0.0739892 0.0098113 0.0098113 0.0098113 0.0098113 0.0098113 0.0100072 0.0324953 0.0100072 0.0100072 0.0128487 0.0566710 0.0583014 0.0447600 0.0585571 0.0648056 0.0880496 0.0648056 0.0947858 0.0947858 0.0947858 0.0534376 0.0571609 0.0797946 0.0664691 0.0664691 0.0489549 0.0664691 0.0664691 0.0664691 0.0585571 0.0585571 0.0585571 0.0208097 0.0773696 0.0161311 0.1456702 0.1456702 0.1256010 0.1199181 0.0619620 0.1517866 0.1350562 0.1696682 0.1509782 0.1677086 0.0564505 0.2267670 0.0599884 0.0599884 0.0599884 0.0599884 0.1294643 0.1294643 0.0906675 0.1359458 0.1019158 0.1759230 0.1873092 0.1873092 0.1949895 0.3831452 0.3831452 0.3862404 0.3831452 0.3831452 0.3862404 0.0687511 0.3831452 0.3831452 0.4470663 0.0974309 0.0899200 0.0899200 0.0967260 0.2701855 0.1172104 0.2093892
gi|2537232 0.0000000 0.0000000 0.0000000 0.0000000 0.0000000 0.0000000 0.0000000 0.0000000 0.0000000 0.0051020 0.0022321 0.0044643 0.0038265 0.0020693 0.0070153 0.0044958 0.0020693 0.0038265 0.0073467 0.0226403 0.0044958 0.0063776 0.0095663 0.0079741 0.0079741 0.0069345 0.0497449 0.0044958 0.0111095 0.0111607 0.0044958 0.0098113 0.0098113 0.0073342 0.0220026 0.0031888 0.0404974 0.0079741 0.0385842 0.0073128 0.0038265 0.0044958 0.0156250 0.0044958 0.0044958 0.0044958 0.0044958 0.0044958 0.0044958 0.0044958 0.0044958 0.0044958 0.0044958 0.0293367 0.0130740 0.0044958 0.0044958 0.0028791 0.0028791 0.0044958 0.0028791 0.0028791 0.0028791 0.0028791 0.0028791 0.0028791 0.0332145 0.0190215 0.0044958 0.0412879 0.0399651 0.0172334 0.0160576 0.0186541 0.0098113 0.0155677 0.0098113 0.0098113 0.0098113 0.0535714 0.0136326 0.0739892 0.0098113 0.0098113 0.0098113 0.0098113 0.0098113 0.0100072 0.0324953 0.0100072 0.0100072 0.0128487 0.0566710 0.0583014 0.0447600 0.0585571 0.0648056 0.0880496 0.0648056 0.0947858 0.0947858 0.0947858 0.0534376 0.0571609 0.0797946 0.0664691 0.0664691 0.0489549 0.0664691 0.0664691 0.0664691 0.0585571 0.0585571 0.0585571 0.0208097 0.0773696 0.0161311 0.1456702 0.1456702 0.1256010 0.1199181 0.0619620 0.1517866 0.1350562 0.1696682 0.1509782 0.1677086 0.0564505 0.2267670 0.0599884 0.0599884 0.0599884 0.0599884 0.1294643 0.1294643 0.0906675 0.1359458 0.1019158 0.1759230 0.1873092 0.1873092 0.1949895 0.3831452 0.3831452 0.3862404 0.3831452 0.3831452 0.3862404 0.0687511 0.3831452 0.3831452 0.4470663 0.0974309 0.0899200 0.0899200 0.0967260 0.2701855 0.1172104 0.2093892
gi|1015812 0.0051020 0.0051020 0.0051020 0.0051020 0.0051020 0.0051020 0.0051020 0.0051020 0.0051020 0.0000000 0.0073342 0.0095663 0.0114796 0.0085396 0.0038265 0.0110623 0.0085396 0.0114796 0.0138170 0.0117985 0.0110623 0.0038265 0.0159439 0.0152020 0.0152020 0.0129270 0.0529337 0.0110623 0.0170147 0.0181760 0.0110623 0.0163778 0.0163778 0.0137117 0.0283801 0.0082908 0.0347577 0.0152020 0.0328444 0.0145406 0.0089286 0.0110623 0.0220026 0.0110623 0.0110623 0.0110623 0.0110623 0.0110623 0.0110623 0.0110623 0.0110623 0.0110623 0.0110623 0.0248724 0.0200893 0.0110623 0.0110623 0.0087842 0.0087842 0.0110623 0.0087842 0.0087842 0.0087842 0.0087842 0.0087842 0.0087842 0.0286459 0.0269108 0.0110623 0.0366110 0.0352882 0.0231385 0.0232855 0.0272048 0.0163778 0.0234570 0.0163778 0.0163778 0.0163778 0.0478316 0.0241673 0.0792330 0.0163778 0.0163778 0.0163778 0.0163778 0.0163778 0.0172351 0.0337708 0.0172351 0.0172351 0.0207380 0.0619147 0.0573448 0.0438489 0.0638009 0.0747919 0.0813886 0.0747919 0.0920931 0.0920931 0.0920931 0.0600041 0.0604205 0.0777633 0.0684060 0.0684060 0.0515532 0.0684060 0.0684060 0.0684060 0.0638009 0.0638009 0.0638009 0.0234080 0.0713700 0.0240204 0.1430496 0.1430496 0.1202628 0.1112730 0.0579465 0.1391732 0.1264111 0.1570548 0.1423331 0.1590635 0.0484668 0.2128309 0.0575045 0.0575045 0.0575045 0.0575045 0.1264881 0.1264881 0.0897109 0.1358736 0.0947497 0.1734782 0.1864418 0.1864418 0.1745563 0.3634123 0.3634123 0.3651945 0.3634123 0.3634123 0.3651945 0.0720482 0.3634123 0.3634123 0.4237883 0.0959053 0.0883944 0.0883944 0.0820441 0.2570379 0.1010087 0.1960544
gi|6417478 0.0022321 0.0022321 0.0022321 0.0022321 0.0022321 0.0022321 0.0022321 0.0022321 0.0022321 0.0073342 0.0000000 0.0086097 0.0073342 0.0034202 0.0098852 0.0069169 0.0034202 0.0073342 0.0080483 0.0261480 0.0069169 0.0098852 0.0130740 0.0097339 0.0097339 0.0097923 0.0462372 0.0069169 0.0188216 0.0184949 0.0069169 0.0115710 0.0115710 0.0133929 0.0331633 0.0047832 0.0459184 0.0097339 0.0484694 0.0097339 0.0054209 0.0069169 0.0235969 0.0069169 0.0069169 0.0069169 0.0069169 0.0069169 0.0069169 0.0069169 0.0069169 0.0069169 0.0069169 0.0366709 0.0229592 0.0069169 0.0069169 0.0046388 0.0046388 0.0069169 0.0046388 0.0046388 0.0046388 0.0046388 0.0046388 0.0046388 0.0378121 0.0181358 0.0069169 0.0503227 0.0456931 0.0216386 0.0204628 0.0204138 0.0115710 0.0199729 0.0115710 0.0115710 0.0115710 0.0596301 0.0153923 0.0691352 0.0115710 0.0115710 0.0115710 0.0115710 0.0115710 0.0111056 0.0358067 0.0111056 0.0111056 0.0139471 0.0597535 0.0643601 0.0466277 0.0629624 0.0693398 0.0937776 0.0693398 0.0985297 0.0985297 0.0985297 0.0571814 0.0609047 0.0835385 0.0702130 0.0702130 0.0533602 0.0702130 0.0702130 0.0702130 0.0629624 0.0629624 0.0629624 0.0245536 0.0824362 0.0205363 0.1626055 0.1626055 0.1247152 0.1223392 0.0643831 0.1548691 0.1381387 0.1734121 0.1573676 0.1727752 0.0588716 0.2338177 0.0624444 0.0624444 0.0624444 0.0624444 0.1401998 0.1401998 0.0944940 0.1388037 0.0980719 0.1752852 0.1872964 0.1872964 0.1952709 0.3792249 0.3792249 0.3833705 0.3792249 0.3792249 0.3833705 0.0722828 0.3792249 0.3792249 0.4464286 0.0984125 0.0895011 0.0895011 0.0972756 0.2796783 0.1177599 0.2154479
gi|1617610 0.0044643 0.0044643 0.0044643 0.0044643 0.0044643 0.0044643 0.0044643 0.0044643 0.0044643 0.0095663 0.0086097 0.0000000 0.0082908 0.0079482 0.0114796 0.0098576 0.0079482 0.0082908 0.0177711 0.0277423 0.0098576 0.0108418 0.0172194 0.0146587 0.0146587 0.0117598 0.0491071 0.0098576 0.0131645 0.0169005 0.0098576 0.0164959 0.0164959 0.0079719 0.0130740 0.0121173 0.0392219 0.0146587 0.0302934 0.0126746 0.0095663 0.0098576 0.0073342 0.0098576 0.0098576 0.0098576 0.0098576 0.0098576 0.0098576 0.0098576 0.0098576 0.0098576 0.0098576 0.0274235 0.0098852 0.0098576 0.0098576 0.0082410 0.0082410 0.0098576 0.0082410 0.0082410 0.0082410 0.0082410 0.0082410 0.0082410 0.0332493 0.0223993 0.0098576 0.0380518 0.0393746 0.0219339 0.0167898 0.0226932 0.0164959 0.0162999 0.0164959 0.0164959 0.0164959 0.0401786 0.0176717 0.0720759 0.0164959 0.0164959 0.0164959 0.0164959 0.0164959 0.0173532 0.0347029 0.0173532 0.0173532 0.0168878 0.0540963 0.0675489 0.0515931 0.0672259 0.0785717 0.0874591 0.0785717 0.1133752 0.1133752 0.1133752 0.0647518 0.0678138 0.0950771 0.0791061 0.0791061 0.0582850 0.0791061 0.0791061 0.0791061 0.0672259 0.0672259 0.0672259 0.0222033 0.0913293 0.0168633 0.1145362 0.1145362 0.1236877 0.1213117 0.0772445 0.1511961 0.1318202 0.1644481 0.1503877 0.1717477 0.0472621 0.2268379 0.0687268 0.0687268 0.0687268 0.0687268 0.1411565 0.1411565 0.0932185 0.1171862 0.0922103 0.1866585 0.2011102 0.2011102 0.2049810 0.4022403 0.4022403 0.4021843 0.4022403 0.4022403 0.4021843 0.0755979 0.4022403 0.4022403 0.4607781 0.0969182 0.0873065 0.0873065 0.1084905 0.2923107 0.1274552 0.2318266
gi|5542539 0.0038265 0.0038265 0.0038265 0.0038265 0.0038265 0.0038265 0.0038265 0.0038265 0.0038265 0.0114796 0.0073342 0.0082908 0.0000000 0.0048638 0.0076531 0.0029132 0.0048638 0.0000000 0.0107906 0.0226403 0.0029132 0.0051020 0.0044643 0.0057302 0.0057302 0.0028312 0.0548469 0.0029132 0.0075428 0.0054209 0.0029132 0.0069060 0.0069060 0.0086097 0.0162628 0.0076531 0.0462372 0.0057302 0.0519770 0.0050688 0.0063776 0.0029132 0.0169005 0.0029132 0.0029132 0.0029132 0.0029132 0.0029132 0.0029132 0.0029132 0.0029132 0.0029132 0.0029132 0.0452806 0.0079719 0.0029132 0.0029132 0.0032806 0.0032806 0.0029132 0.0032806 0.0032806 0.0032806 0.0032806 0.0032806 0.0032806 0.0379571 0.0220686 0.0029132 0.0489645 0.0403667 0.0136667 0.0098454 0.0197170 0.0069060 0.0060486 0.0069060 0.0069060 0.0069060 0.0676020 0.0074204 0.0743908 0.0069060 0.0069060 0.0069060 0.0069060 0.0069060 0.0084247 0.0340161 0.0084247 0.0084247 0.0106048 0.0431836 0.0459715 0.0368336 0.0496994 0.0522216 0.0877897 0.0522216 0.0932032 0.0932032 0.0932032 0.0452412 0.0516100 0.0775507 0.0609183 0.0609183 0.0434041 0.0609183 0.0609183 0.0609183 0.0496994 0.0496994 0.0496994 0.0212113 0.0738029 0.0092575 0.1348284 0.1348284 0.1392301 0.1348699 0.0663318 0.1693839 0.1500080 0.1872655 0.1646073 0.1806763 0.0647886 0.2403961 0.0585451 0.0585451 0.0585451 0.0585451 0.1271259 0.1271259 0.1080995 0.1493627 0.1118532 0.2037716 0.2064673 0.2064673 0.2142597 0.4290260 0.4290260 0.4334343 0.4290260 0.4290260 0.4334343 0.0862111 0.4290260 0.4290260 0.4897959 0.0970932 0.0902827 0.0902827 0.1185589 0.2641514 0.1375236 0.2026058
gi|1052245 0.0020693 0.0020693 0.0020693 0.0020693 0.0020693 0.0020693 0.0020693 0.0020693 0.0020693 0.0085396 0.0034202 0.0079482 0.0048638 0.0000000 0.0108355 0.0018263 0.0000000 0.0048638 0.0033058 0.0272838 0.0018263 0.0087831 0.0117284 0.0042705 0.0042705 0.0051370 0.0494023 0.0018263 0.0090654 0.0139605 0.0018263 0.0068893 0.0068893 0.0108645 0.0254169 0.0033216 0.0532114 0.0042705 0.0452801 0.0046072 0.0056523 0.0018263 0.0205700 0.0018263 0.0018263 0.0018263 0.0018263 0.0018263 0.0018263 0.0018263 0.0018263 0.0018263 0.0018263 0.0352789 0.0141924 0.0018263 0.0018263 0.0016767 0.0016767 0.0018263 0.0016767 0.0016767 0.0016767 0.0016767 0.0016767 0.0016767 0.0419835 0.0178071 0.0018263 0.0439575 0.0483346 0.0180753 0.0147831 0.0159366 0.0068893 0.0141970 0.0068893 0.0068893 0.0068893 0.0630619 0.0103499 0.0737368 0.0068893 0.0068893 0.0068893 0.0068893 0.0068893 0.0074941 0.0308915 0.0074941 0.0074941 0.0119710 0.0588596 0.0575801 0.0427377 0.0586414 0.0554235 0.0940261 0.0554235 0.0935834 0.0935834 0.0935834 0.0509846 0.0570888 0.0802276 0.0665414 0.0665414 0.0488709 0.0665414 0.0665414 0.0665414 0.0586414 0.0586414 0.0586414 0.0187175 0.0783197 0.0148205 0.1510744 0.1510744 0.1367122 0.1314622 0.0647519 0.1656996 0.1492699 0.1862508 0.1673083 0.1845798 0.0691851 0.2486526 0.0656182 0.0656182 0.0656182 0.0656182 0.1362568 0.1362568 0.0849948 0.1360474 0.1061157 0.1656372 0.1775835 0.1775835 0.2116287 0.3728045 0.3728045 0.3752647 0.3728045 0.3728045 0.3752647 0.0624204 0.3728045 0.3728045 0.4347107 0.0929471 0.0865440 0.0865440 0.1093393 0.2860892 0.1332086 0.2190083
gi|1015812 0.0070153 0.0070153 0.0070153 0.0070153 0.0070153 0.0070153 0.0070153 0.0070153 0.0070153 0.0038265 0.0098852 0.0114796 0.0076531 0.0108355 0.0000000 0.0111095 0.0108355 0.0076531 0.0167623 0.0086097 0.0111095 0.0019133 0.0095663 0.0152493 0.0152493 0.0086191 0.0580357 0.0111095 0.0164005 0.0130740 0.0111095 0.0137795 0.0137795 0.0143495 0.0239158 0.0108418 0.0353954 0.0152493 0.0475128 0.0126038 0.0082908 0.0111095 0.0226403 0.0111095 0.0111095 0.0111095 0.0111095 0.0111095 0.0111095 0.0111095 0.0111095 0.0111095 0.0111095 0.0414541 0.0162628 0.0111095 0.0111095 0.0068473 0.0068473 0.0111095 0.0068473 0.0068473 0.0068473 0.0068473 0.0068473 0.0068473 0.0296431 0.0329104 0.0111095 0.0492244 0.0340127 0.0212016 0.0187031 0.0338658 0.0137795 0.0162291 0.0137795 0.0137795 0.0137795 0.0612245 0.0182622 0.0812643 0.0137795 0.0137795 0.0137795 0.0137795 0.0137795 0.0166210 0.0359294 0.0166210 0.0166210 0.0194625 0.0467503 0.0426764 0.0320049 0.0499592 0.0652411 0.0827586 0.0652411 0.0855265 0.0855265 0.0855265 0.0474852 0.0498857 0.0705354 0.0578712 0.0578712 0.0416798 0.0578712 0.0578712 0.0578712 0.0499592 0.0499592 0.0499592 0.0221325 0.0648034 0.0174538 0.1356053 0.1356053 0.1335375 0.1271932 0.0593165 0.1577390 0.1416700 0.1749592 0.1562692 0.1723382 0.0458685 0.2261056 0.0540361 0.0540361 0.0540361 0.0540361 0.1218112 0.1218112 0.1107568 0.1443690 0.0989937 0.2086611 0.2073092 0.2073092 0.1890371 0.4052040 0.4052040 0.4085619 0.4052040 0.4052040 0.4085619 0.0967160 0.4052040 0.4052040 0.4604592 0.0949799 0.0881693 0.0881693 0.1009053 0.2440866 0.1153107 0.1858503
gi|3237144 0.0044958 0.0044958 0.0044958 0.0044958 0.0044958 0.0044958 0.0044958 0.0044958 0.0044958 0.0110623 0.0069169 0.0098576 0.0029132 0.0018263 0.0111095 0.0000000 0.0018263 0.0029132 0.0057810 0.0270888 0.0000000 0.0069287 0.0089601 0.0020576 0.0020576 0.0017690 0.0513117 0.0000000 0.0051440 0.0105308 0.0000000 0.0041152 0.0041152 0.0114993 0.0206404 0.0063854 0.0527880 0.0020576 0.0472136 0.0027435 0.0071649 0.0000000 0.0206877 0.0000000 0.0000000 0.0000000 0.0000000 0.0000000 0.0000000 0.0000000 0.0000000 0.0000000 0.0000000 0.0397377 0.0103419 0.0000000 0.0000000 0.0020576 0.0020576 0.0000000 0.0020576 0.0020576 0.0020576 0.0020576 0.0020576 0.0020576 0.0409081 0.0195473 0.0000000 0.0414952 0.0435528 0.0150892 0.0102881 0.0154321 0.0041152 0.0068587 0.0041152 0.0041152 0.0041152 0.0659092 0.0072016 0.0723594 0.0041152 0.0041152 0.0041152 0.0041152 0.0041152 0.0058299 0.0273212 0.0058299 0.0058299 0.0099451 0.0504115 0.0523727 0.0404487 0.0548697 0.0497977 0.0874486 0.0497977 0.0912209 0.0912209 0.0912209 0.0480110 0.0545267 0.0775034 0.0634431 0.0634431 0.0456104 0.0634431 0.0634431 0.0634431 0.0548697 0.0548697 0.0548697 0.0161180 0.0713306 0.0102881 0.1384287 0.1384287 0.1409465 0.1340878 0.0637860 0.1680384 0.1519204 0.1886145 0.1694102 0.1865569 0.0709877 0.2489712 0.0623269 0.0623269 0.0623269 0.0623269 0.1310154 0.1310154 0.0900849 0.1409381 0.1083828 0.1767458 0.1847358 0.1847358 0.2156649 0.3880772 0.3880772 0.3902874 0.3880772 0.3880772 0.3902874 0.0704240 0.3880772 0.3880772 0.4459877 0.0896023 0.0836217 0.0836217 0.1198157 0.2778828 0.1424671 0.2063565
gi|3749777 0.0020693 0.0020693 0.0020693 0.0020693 0.0020693 0.0020693 0.0020693 0.0020693 0.0020693 0.0085396 0.0034202 0.0079482 0.0048638 0.0000000 0.0108355 0.0018263 0.0000000 0.0048638 0.0033058 0.0272838 0.0018263 0.0087831 0.0117284 0.0042705 0.0042705 0.0051370 0.0494023 0.0018263 0.0090654 0.0139605 0.0018263 0.0068893 0.0068893 0.0108645 0.0254169 0.0033216 0.0532114 0.0042705 0.0452801 0.0046072 0.0056523 0.0018263 0.0205700 0.0018263 0.0018263 0.0018263 0.0018263 0.0018263 0.0018263 0.0018263 0.0018263 0.0018263 0.0018263 0.0352789 0.0141924 0.0018263 0.0018263 0.0016767 0.0016767 0.0018263 0.0016767 0.0016767 0.0016767 0.0016767 0.0016767 0.0016767 0.0419835 0.0178071 0.0018263 0.0439575 0.0483346 0.0180753 0.0147831 0.0159366 0.0068893 0.0141970 0.0068893 0.0068893 0.0068893 0.0630619 0.0103499 0.0737368 0.0068893 0.0068893 0.0068893 0.0068893 0.0068893 0.0074941 0.0308915 0.0074941 0.0074941 0.0119710 0.0588596 0.0575801 0.0427377 0.0586414 0.0554235 0.0940261 0.0554235 0.0935834 0.0935834 0.0935834 0.0509846 0.0570888 0.0802276 0.0665414 0.0665414 0.0488709 0.0665414 0.0665414 0.0665414 0.0586414 0.0586414 0.0586414 0.0187175 0.0783197 0.0148205 0.1510744 0.1510744 0.1367122 0.1314622 0.0647519 0.1656996 0.1492699 0.1862508 0.1673083 0.1845798 0.0691851 0.2486526 0.0656182 0.0656182 0.0656182 0.0656182 0.1362568 0.1362568 0.0849948 0.1360474 0.1061157 0.1656372 0.1775835 0.1775835 0.2116287 0.3728045 0.3728045 0.3752647 0.3728045 0.3728045 0.3752647 0.0624204 0.3728045 0.3728045 0.4347107 0.0929471 0.0865440 0.0865440 0.1093393 0.2860892 0.1332086 0.2190083
gi|2224469 0.0038265 0.0038265 0.0038265 0.0038265 0.0038265 0.0038265 0.0038265 0.0038265 0.0038265 0.0114796 0.0073342 0.0082908 0.0000000 0.0048638 0.0076531 0.0029132 0.0048638 0.0000000 0.0107906 0.0226403 0.0029132 0.0051020 0.0044643 0.0057302 0.0057302 0.0028312 0.0548469 0.0029132 0.0075428 0.0054209 0.0029132 0.0069060 0.0069060 0.0086097 0.0162628 0.0076531 0.0462372 0.0057302 0.0519770 0.0050688 0.0063776 0.0029132 0.0169005 0.0029132 0.0029132 0.0029132 0.0029132 0.0029132 0.0029132 0.0029132 0.0029132 0.0029132 0.0029132 0.0452806 0.0079719 0.0029132 0.0029132 0.0032806 0.0032806 0.0029132 0.0032806 0.0032806 0.0032806 0.0032806 0.0032806 0.0032806 0.0379571 0.0220686 0.0029132 0.0489645 0.0403667 0.0136667 0.0098454 0.0197170 0.0069060 0.0060486 0.0069060 0.0069060 0.0069060 0.0676020 0.0074204 0.0743908 0.0069060 0.0069060 0.0069060 0.0069060 0.0069060 0.0084247 0.0340161 0.0084247 0.0084247 0.0106048 0.0431836 0.0459715 0.0368336 0.0496994 0.0522216 0.0877897 0.0522216 0.0932032 0.0932032 0.0932032 0.0452412 0.0516100 0.0775507 0.0609183 0.0609183 0.0434041 0.0609183 0.0609183 0.0609183 0.0496994 0.0496994 0.0496994 0.0212113 0.0738029 0.0092575 0.1348284 0.1348284 0.1392301 0.1348699 0.0663318 0.1693839 0.1500080 0.1872655 0.1646073 0.1806763 0.0647886 0.2403961 0.0585451 0.0585451 0.0585451 0.0585451 0.1271259 0.1271259 0.1080995 0.1493627 0.1118532 0.2037716 0.2064673 0.2064673 0.2142597 0.4290260 0.4290260 0.4334343 0.4290260 0.4290260 0.4334343 0.0862111 0.4290260 0.4290260 0.4897959 0.0970932 0.0902827 0.0902827 0.1185589 0.2641514 0.1375236 0.2026058
gi|1091574 0.0073467 0.0073467 0.0073467 0.0073467 0.0073467 0.0073467 0.0073467 0.0073467 0.0073467 0.0138170 0.0080483 0.0177711 0.0107906 0.0033058 0.0167623 0.0057810 0.0033058 0.0107906 0.0000000 0.0332106 0.0057810 0.0147099 0.0150578 0.0082252 0.0082252 0.0097651 0.0520823 0.0057810 0.0163871 0.0237834 0.0057810 0.0108440 0.0108440 0.0219861 0.0404346 0.0021055 0.0708266 0.0082252 0.0602978 0.0058683 0.0109298 0.0057810 0.0362370 0.0057810 0.0057810 0.0057810 0.0057810 0.0057810 0.0057810 0.0057810 0.0057810 0.0057810 0.0057810 0.0464005 0.0214179 0.0057810 0.0057810 0.0056314 0.0056314 0.0057810 0.0056314 0.0056314 0.0056314 0.0056314 0.0056314 0.0056314 0.0578512 0.0224352 0.0057810 0.0600334 0.0650839 0.0314576 0.0227782 0.0205647 0.0108440 0.0221921 0.0108440 0.0108440 0.0108440 0.0813263 0.0169982 0.0797117 0.0108440 0.0108440 0.0108440 0.0108440 0.0108440 0.0107754 0.0348203 0.0107754 0.0107754 0.0206395 0.0702217 0.0644809 0.0458816 0.0572089 0.0494086 0.1127956 0.0494086 0.0800297 0.0800297 0.0800297 0.0441649 0.0529627 0.0720611 0.0610685 0.0610685 0.0460916 0.0610685 0.0610685 0.0610685 0.0572089 0.0572089 0.0572089 0.0206520 0.0735202 0.0201220 0.1748760 0.1748760 0.1514413 0.1482115 0.0592790 0.1864894 0.1714064 0.2124278 0.1907916 0.2100833 0.0859344 0.2815636 0.0670565 0.0670565 0.0670565 0.0670565 0.1417507 0.1417507 0.0790169 0.1358727 0.1166942 0.1475380 0.1567570 0.1567570 0.2255260 0.3474861 0.3474861 0.3503474 0.3474861 0.3474861 0.3503474 0.0560708 0.3474861 0.3474861 0.4120661 0.0904451 0.0847549 0.0847549 0.1232518 0.2928152 0.1517632 0.2244628
gi|4025501 0.0226403 0.0226403 0.0226403 0.0226403 0.0226403 0.0226403 0.0226403 0.0226403 0.0226403 0.0117985 0.0261480 0.0277423 0.0226403 0.0272838 0.0086097 0.0270888 0.0272838 0.0226403 0.0332106 0.0000000 0.0270888 0.0092474 0.0226403 0.0305672 0.0305672 0.0254595 0.0711097 0.0270888 0.0310571 0.0267857 0.0270888 0.0337271 0.0337271 0.0286990 0.0382653 0.0264668 0.0401786 0.0305672 0.0580357 0.0305672 0.0277423 0.0270888 0.0376276 0.0270888 0.0270888 0.0270888 0.0270888 0.0270888 0.0270888 0.0270888 0.0270888 0.0270888 0.0270888 0.0577168 0.0306122 0.0270888 0.0270888 0.0241494 0.0241494 0.0270888 0.0241494 0.0241494 0.0241494 0.0241494 0.0241494 0.0241494 0.0350524 0.0455829 0.0270888 0.0592513 0.0387487 0.0351968 0.0234390 0.0511678 0.0337271 0.0295629 0.0337271 0.0337271 0.0337271 0.0711097 0.0401939 0.0979050 0.0337271 0.0337271 0.0337271 0.0337271 0.0337271 0.0359072 0.0488562 0.0359072 0.0359072 0.0387487 0.0475180 0.0360863 0.0300461 0.0513883 0.0660733 0.0749284 0.0660733 0.0829873 0.0829873 0.0829873 0.0528825 0.0519762 0.0679962 0.0573162 0.0573162 0.0450930 0.0573162 0.0573162 0.0573162 0.0513883 0.0513883 0.0513883 0.0480324 0.0655711 0.0241739 0.1312744 0.1312744 0.1435644 0.1365588 0.0713275 0.1651204 0.1516969 0.1830020 0.1656348 0.1810424 0.0525886 0.2275347 0.0588416 0.0588416 0.0588416 0.0588416 0.1414753 0.1414753 0.1443452 0.1847943 0.1050524 0.2452257 0.2447964 0.2447964 0.1761882 0.4427753 0.4427753 0.4481027 0.4427753 0.4427753 0.4481027 0.1182734 0.4427753 0.4427753 0.5022321 0.0968369 0.0872252 0.0872252 0.1016449 0.2226728 0.1168101 0.1764869
gi|1126132 0.0044958 0.0044958 0.0044958 0.0044958 0.0044958 0.0044958 0.0044958 0.0044958 0.0044958 0.0110623 0.0069169 0.0098576 0.0029132 0.0018263 0.0111095 0.0000000 0.0018263 0.0029132 0.0057810 0.0270888 0.0000000 0.0069287 0.0089601 0.0020576 0.0020576 0.0017690 0.0513117 0.0000000 0.0051440 0.0105308 0.0000000 0.0041152 0.0041152 0.0114993 0.0206404 0.0063854 0.0527880 0.0020576 0.0472136 0.0027435 0.0071649 0.0000000 0.0206877 0.0000000 0.0000000 0.0000000 0.0000000 0.0000000 0.0000000 0.0000000 0.0000000 0.0000000 0.0000000 0.0397377 0.0103419 0.0000000 0.0000000 0.0020576 0.0020576 0.0000000 0.0020576 0.0020576 0.0020576 0.0020576 0.0020576 0.0020576 0.0409081 0.0195473 0.0000000 0.0414952 0.0435528 0.0150892 0.0102881 0.0154321 0.0041152 0.0068587 0.0041152 0.0041152 0.0041152 0.0659092 0.0072016 0.0723594 0.0041152 0.0041152 0.0041152 0.0041152 0.0041152 0.0058299 0.0273212 0.0058299 0.0058299 0.0099451 0.0504115 0.0523727 0.0404487 0.0548697 0.0497977 0.0874486 0.0497977 0.0912209 0.0912209 0.0912209 0.0480110 0.0545267 0.0775034 0.0634431 0.0634431 0.0456104 0.0634431 0.0634431 0.0634431 0.0548697 0.0548697 0.0548697 0.0161180 0.0713306 0.0102881 0.1384287 0.1384287 0.1409465 0.1340878 0.0637860 0.1680384 0.1519204 0.1886145 0.1694102 0.1865569 0.0709877 0.2489712 0.0623269 0.0623269 0.0623269 0.0623269 0.1310154 0.1310154 0.0900849 0.1409381 0.1083828 0.1767458 0.1847358 0.1847358 0.2156649 0.3880772 0.3880772 0.3902874 0.3880772 0.3880772 0.3902874 0.0704240 0.3880772 0.3880772 0.4459877 0.0896023 0.0836217 0.0836217 0.1198157 0.2778828 0.1424671 0.2063565
gi|2585881 0.0063776 0.0063776 0.0063776 0.0063776 0.0063776 0.0063776 0.0063776 0.0063776 0.0063776 0.0038265 0.0098852 0.0108418 0.0051020 0.0087831 0.0019133 0.0069287 0.0087831 0.0051020 0.0147099 0.0092474 0.0069287 0.0000000 0.0082908 0.0104070 0.0104070 0.0062727 0.0554847 0.0069287 0.0108970 0.0098852 0.0069287 0.0109214 0.0109214 0.0124362 0.0200893 0.0102041 0.0379464 0.0104070 0.0436862 0.0097457 0.0089286 0.0069287 0.0207270 0.0069287 0.0069287 0.0069287 0.0069287 0.0069287 0.0069287 0.0069287 0.0069287 0.0069287 0.0069287 0.0382653 0.0124362 0.0069287 0.0069287 0.0066348 0.0066348 0.0069287 0.0066348 0.0066348 0.0066348 0.0066348 0.0066348 0.0066348 0.0308374 0.0274068 0.0069287 0.0417367 0.0331388 0.0170208 0.0145223 0.0257167 0.0109214 0.0113869 0.0109214 0.0109214 0.0109214 0.0593112 0.0154041 0.0770835 0.0109214 0.0109214 0.0109214 0.0109214 0.0109214 0.0131015 0.0327406 0.0131015 0.0131015 0.0159430 0.0458764 0.0424639 0.0333715 0.0523922 0.0596568 0.0785777 0.0596568 0.0879595 0.0879595 0.0879595 0.0492567 0.0523187 0.0729683 0.0603042 0.0603042 0.0434513 0.0603042 0.0603042 0.0603042 0.0523922 0.0523922 0.0523922 0.0212585 0.0652522 0.0145958 0.1296568 0.1296568 0.1313408 0.1236737 0.0597653 0.1542195 0.1388119 0.1721011 0.1534112 0.1694801 0.0542538 0.2239089 0.0535102 0.0535102 0.0535102 0.0535102 0.1215986 0.1215986 0.1045918 0.1467395 0.1021361 0.1987759 0.2030490 0.2030490 0.1912755 0.4067421 0.4067421 0.4098374 0.4067421 0.4067421 0.4098374 0.0869572 0.4067421 0.4067421 0.4639668 0.0930166 0.0862061 0.0862061 0.1013260 0.2484528 0.1187708 0.1867199
gi|1584289 0.0095663 0.0095663 0.0095663 0.0095663 0.0095663 0.0095663 0.0095663 0.0095663 0.0095663 0.0159439 0.0130740 0.0172194 0.0044643 0.0117284 0.0095663 0.0089601 0.0117284 0.0044643 0.0150578 0.0226403 0.0089601 0.0082908 0.0000000 0.0117770 0.0117770 0.0066818 0.0618622 0.0089601 0.0149124 0.0098852 0.0089601 0.0109687 0.0109687 0.0162628 0.0258291 0.0108418 0.0424107 0.0117770 0.0615434 0.0064860 0.0102041 0.0089601 0.0277423 0.0089601 0.0089601 0.0089601 0.0089601 0.0089601 0.0089601 0.0089601 0.0089601 0.0089601 0.0089601 0.0548469 0.0143495 0.0089601 0.0089601 0.0080047 0.0080047 0.0089601 0.0080047 0.0080047 0.0080047 0.0080047 0.0080047 0.0080047 0.0350814 0.0241472 0.0089601 0.0583183 0.0364929 0.0223590 0.0152309 0.0251025 0.0109687 0.0074658 0.0109687 0.0109687 0.0109687 0.0739796 0.0147900 0.0705170 0.0109687 0.0109687 0.0109687 0.0109687 0.0109687 0.0091805 0.0369596 0.0091805 0.0091805 0.0133447 0.0346802 0.0463967 0.0375625 0.0332595 0.0562036 0.0852387 0.0562036 0.0675041 0.0675041 0.0675041 0.0301241 0.0345088 0.0538356 0.0405101 0.0405101 0.0276256 0.0405101 0.0405101 0.0405101 0.0332595 0.0332595 0.0332595 0.0246126 0.0520720 0.0100134 0.1494852 0.1494852 0.1254357 0.1210755 0.0432781 0.1549281 0.1381978 0.1747939 0.1514743 0.1668819 0.0609148 0.2239561 0.0406432 0.0406432 0.0406432 0.0406432 0.1186224 0.1186224 0.1204294 0.1559088 0.1180684 0.2205658 0.2139163 0.2139163 0.2043558 0.4443321 0.4443321 0.4487404 0.4443321 0.4443321 0.4487404 0.1001696 0.4443321 0.4443321 0.5162628 0.1018952 0.0901826 0.0901826 0.1179076 0.2293201 0.1323130 0.1740808
gi|1578351 0.0079741 0.0079741 0.0079741 0.0079741 0.0079741 0.0079741 0.0079741 0.0079741 0.0079741 0.0152020 0.0097339 0.0146587 0.0057302 0.0042705 0.0152493 0.0020576 0.0042705 0.0057302 0.0082252 0.0305672 0.0020576 0.0104070 0.0117770 0.0000000 0.0000000 0.0041243 0.0554515 0.0020576 0.0065158 0.0140092 0.0020576 0.0027435 0.0027435 0.0103480 0.0254415 0.0098638 0.0595732 0.0000000 0.0526760 0.0075446 0.0073364 0.0020576 0.0208591 0.0020576 0.0020576 0.0020576 0.0020576 0.0020576 0.0020576 0.0020576 0.0020576 0.0020576 0.0020576 0.0471843 0.0138202 0.0020576 0.0020576 0.0048011 0.0048011 0.0020576 0.0048011 0.0048011 0.0048011 0.0048011 0.0048011 0.0048011 0.0467193 0.0216049 0.0020576 0.0442387 0.0490398 0.0178326 0.0130316 0.0181756 0.0027435 0.0102881 0.0027435 0.0027435 0.0027435 0.0720331 0.0058299 0.0757888 0.0027435 0.0027435 0.0027435 0.0027435 0.0027435 0.0044582 0.0299856 0.0044582 0.0044582 0.0072016 0.0476680 0.0502293 0.0403367 0.0541838 0.0433070 0.0778464 0.0433070 0.0905350 0.0905350 0.0905350 0.0473251 0.0531550 0.0754458 0.0613855 0.0613855 0.0449246 0.0613855 0.0613855 0.0613855 0.0541838 0.0541838 0.0541838 0.0188615 0.0672154 0.0157750 0.1442399 0.1442399 0.1505487 0.1402606 0.0692730 0.1742112 0.1608368 0.1975309 0.1803841 0.1961591 0.0757888 0.2606310 0.0668031 0.0668031 0.0668031 0.0668031 0.1428711 0.1428711 0.0979724 0.1593660 0.1175610 0.1884913 0.1969443 0.1969443 0.2309962 0.3896104 0.3896104 0.3927737 0.3896104 0.3896104 0.3927737 0.0776709 0.3896104 0.3896104 0.4484739 0.0918616 0.0858810 0.0858810 0.1305269 0.2833961 0.1523904 0.1960061
