   59
gi|7353547 0.0000000 0.0000000 0.0806368 0.0806368 0.0081110 0.0806368 0.0806368 0.1290189 0.1290189 0.2194752 0.2194752 0.2096741 0.3609939 0.3609939 0.3155248 0.4010719 0.3205464 0.3326342 0.3933570 0.4753219 0.4753219 0.5245009 0.4753219 0.4589289 0.4753219 0.4753219 0.5245009 0.5245009 0.4695096 0.6028624 0.4618738 0.4633570 0.5245009 0.5123138 0.4992867 0.3727841 0.4879398 0.4947404 0.1925439 0.5165493 0.4958746 0.5076652 0.4879398 0.5771685 0.1837878 0.6909800 0.2809454 0.3586715 0.4063113 0.4010719 0.4010719 0.5208378 0.5208378 0.8768442 0.7746676 0.5838003 0.9633811 0.9633811 0.9999134
gi|4995962 0.0000000 0.0000000 0.0806368 0.0806368 0.0081110 0.0806368 0.0806368 0.1290189 0.1290189 0.2194752 0.2194752 0.2096741 0.3609939 0.3609939 0.3155248 0.4010719 0.3205464 0.3326342 0.3933570 0.4753219 0.4753219 0.5245009 0.4753219 0.4589289 0.4753219 0.4753219 0.5245009 0.5245009 0.4695096 0.6028624 0.4618738 0.4633570 0.5245009 0.5123138 0.4992867 0.3727841 0.4879398 0.4947404 0.1925439 0.5165493 0.4958746 0.5076652 0.4879398 0.5771685 0.1837878 0.6909800 0.2809454 0.3586715 0.4063113 0.4010719 0.4010719 0.5208378 0.5208378 0.8768442 0.7746676 0.5838003 0.9633811 0.9633811 0.9999134
gi|6168025 0.0806368 0.0806368 0.0000000 0.1290189 0.0894049 0.1290189 0.1128915 0.0806368 0.1290189 0.3007691 0.3007691 0.2937407 0.4282472 0.4282472 0.3839625 0.4695096 0.3902240 0.4010719 0.4589289 0.5408939 0.5408939 0.5900729 0.5408939 0.5245009 0.5408939 0.5408939 0.5900729 0.5900729 0.4695096 0.6028624 0.5291271 0.4633570 0.5900729 0.5795671 0.5683372 0.4465634 0.5519343 0.5644180 0.2886590 0.5855998 0.4958746 0.5779850 0.5519343 0.5771685 0.2809454 0.6909800 0.3781030 0.4558291 0.4232710 0.4181813 0.4181813 0.5379473 0.5379473 0.8768442 0.7971930 0.5838003 0.9633811 0.9633811 0.9999134
gi|6168024 0.0806368 0.0806368 0.1290189 0.0000000 0.0894049 0.0806368 0.1612736 0.1290189 0.0806368 0.3007691 0.3007691 0.2937407 0.3778072 0.3778072 0.3326342 0.4181813 0.3379658 0.3497436 0.4097500 0.4917149 0.4917149 0.5408939 0.4917149 0.4753219 0.4917149 0.4917149 0.5408939 0.5408939 0.4695096 0.6201250 0.4786872 0.4633570 0.5408939 0.5291271 0.5165493 0.3912289 0.5039385 0.5121598 0.2886590 0.5338119 0.4958746 0.5252451 0.5039385 0.5771685 0.2809454 0.6909800 0.3781030 0.4558291 0.4741501 0.4695096 0.4695096 0.5892755 0.5892755 0.8768442 0.7971930 0.5838003 0.9633811 0.9633811 0.9999134
gi|1578337 0.0081110 0.0081110 0.0894049 0.0894049 0.0000000 0.0894049 0.0894049 0.1381813 0.1381813 0.2130930 0.2130930 0.2031144 0.3556905 0.3556905 0.3097996 0.3960624 0.3148176 0.3270522 0.3883787 0.4710165 0.4710165 0.5205992 0.4710165 0.4544889 0.4710165 0.4710165 0.5205992 0.5205992 0.4650727 0.5995280 0.4574079 0.4589695 0.5205992 0.5082667 0.4950824 0.3673599 0.4837833 0.4904807 0.1854316 0.5124900 0.4917530 0.5034975 0.4837833 0.5737118 0.1961675 0.6884542 0.2745816 0.3529958 0.4013651 0.3960624 0.3960624 0.5168304 0.5168304 0.8758029 0.7725415 0.5796256 0.9630673 0.9630673 0.9999141
gi|6168025 0.0806368 0.0806368 0.1290189 0.0806368 0.0894049 0.0000000 0.1612736 0.0806368 0.1290189 0.3007691 0.3007691 0.2937407 0.3778072 0.3778072 0.3326342 0.4181813 0.3379658 0.3497436 0.4097500 0.4917149 0.4917149 0.5408939 0.4917149 0.4753219 0.4917149 0.4917149 0.5408939 0.5408939 0.4695096 0.6201250 0.4786872 0.4633570 0.5408939 0.5291271 0.5165493 0.3912289 0.5039385 0.5121598 0.2886590 0.5338119 0.4958746 0.5252451 0.5039385 0.5771685 0.2809454 0.6909800 0.3781030 0.4558291 0.4741501 0.4695096 0.4695096 0.5892755 0.5892755 0.8768442 0.7971930 0.5838003 0.9633811 0.9633811 0.9999134
gi|6168045 0.0806368 0.0806368 0.1128915 0.1612736 0.0894049 0.1612736 0.0000000 0.1612736 0.1612736 0.3007691 0.3007691 0.2937407 0.4450605 0.4450605 0.4010719 0.4866190 0.4076434 0.4181813 0.4753219 0.5572869 0.5572869 0.6064659 0.5572869 0.5408939 0.5572869 0.5572869 0.6064659 0.6064659 0.4866190 0.6201250 0.5459404 0.4958746 0.6064659 0.5963804 0.5855998 0.4650082 0.5679329 0.5818374 0.2694360 0.6028624 0.5283921 0.5955649 0.5679329 0.5771685 0.2809454 0.6909800 0.3781030 0.4363976 0.4063113 0.4010719 0.4010719 0.5208378 0.5208378 0.8768442 0.7746676 0.5838003 0.9633811 0.9633811 0.9999134
gi|6168046 0.1290189 0.1290189 0.0806368 0.1290189 0.1381813 0.0806368 0.1612736 0.0000000 0.1290189 0.3495455 0.3495455 0.3441806 0.4282472 0.4282472 0.3839625 0.4695096 0.3902240 0.4010719 0.4589289 0.5408939 0.5408939 0.5900729 0.5408939 0.5245009 0.5408939 0.5408939 0.5900729 0.5900729 0.4695096 0.6201250 0.5291271 0.4633570 0.5900729 0.5795671 0.5683372 0.4465634 0.5519343 0.5644180 0.3463281 0.5855998 0.4958746 0.5779850 0.5519343 0.5771685 0.3392400 0.6909800 0.4363976 0.5141237 0.4741501 0.4695096 0.4695096 0.5892755 0.5892755 0.8768442 0.7971930 0.5838003 0.9633811 0.9633811 0.9999134
gi|6168024 0.1290189 0.1290189 0.1290189 0.0806368 0.1381813 0.1290189 0.1612736 0.1290189 0.0000000 0.3495455 0.3495455 0.3441806 0.4282472 0.4282472 0.3839625 0.4695096 0.3902240 0.4010719 0.4589289 0.5408939 0.5408939 0.5900729 0.5408939 0.5245009 0.5408939 0.5408939 0.5900729 0.5900729 0.4695096 0.6201250 0.5291271 0.4633570 0.5900729 0.5795671 0.5683372 0.4465634 0.5519343 0.5644180 0.3463281 0.5855998 0.4958746 0.5779850 0.5519343 0.5771685 0.3392400 0.6909800 0.4363976 0.5141237 0.4741501 0.4695096 0.4695096 0.5892755 0.5892755 0.8768442 0.7971930 0.5838003 0.9633811 0.9633811 0.9999134
gi|4995965 0.2194752 0.2194752 0.3007691 0.3007691 0.2130930 0.3007691 0.3007691 0.3495455 0.3495455 0.0000000 0.1639177 0.0674912 0.4913138 0.4065492 0.3960624 0.4823253 0.3850829 0.3960624 0.4379614 0.5205992 0.5205992 0.5701819 0.5205992 0.4875441 0.5205992 0.5205992 0.5701819 0.5701819 0.4995779 0.6169356 0.5082667 0.5573200 0.5701819 0.5591254 0.5473052 0.4045686 0.5321689 0.5431797 0.3599630 0.5647128 0.5901036 0.5566840 0.5321689 0.7376295 0.2745816 0.8031965 0.1765639 0.1961675 0.4526682 0.4478202 0.4478202 0.5513356 0.5513356 0.8935317 0.8180176 0.6058946 0.9630673 0.9630673 0.9999141
gi|5660469 0.2194752 0.2194752 0.3007691 0.3007691 0.2130930 0.3007691 0.3007691 0.3495455 0.3495455 0.1639177 0.0000000 0.2370202 0.4743608 0.4574079 0.4305676 0.4650727 0.4377818 0.4478202 0.4379614 0.5205992 0.5205992 0.5701819 0.5205992 0.4379614 0.5205992 0.5205992 0.5701819 0.5701819 0.5168304 0.7039737 0.5082667 0.5245365 0.5701819 0.5591254 0.5473052 0.4789861 0.5321689 0.5431797 0.3599630 0.5647128 0.5573200 0.5389552 0.5321689 0.6720624 0.3725993 0.7704130 0.2745816 0.3922028 0.5039713 0.4995779 0.5340830 0.6203458 0.6203458 0.8758029 0.8407557 0.5796256 0.9999078 0.9999078 0.9999141
gi|1011529 0.2096741 0.2096741 0.2937407 0.2937407 0.2031144 0.2937407 0.2937407 0.3441806 0.3441806 0.0674912 0.2370202 0.0000000 0.4911809 0.4034700 0.3927660 0.4820512 0.3815547 0.3927660 0.4357511 0.5212285 0.5212285 0.5725149 0.5212285 0.5212285 0.5212285 0.5212285 0.5725149 0.5725149 0.4999083 0.6214863 0.5087230 0.5421725 0.5725149 0.5613495 0.5494063 0.4022665 0.5329541 0.5452362 0.3363257 0.5674263 0.5760783 0.5593229 0.5329541 0.7286544 0.2679903 0.7964660 0.2679903 0.1663340 0.4512724 0.4463372 0.4463372 0.5534794 0.5534794 0.8897615 0.8344454 0.5892572 0.9617407 0.9617407 0.9999172
gi|1386577 0.3609939 0.3609939 0.4282472 0.3778072 0.3556905 0.3778072 0.4450605 0.4282472 0.4282472 0.4913138 0.4743608 0.4911809 0.0000000 0.2455904 0.1963386 0.2856238 0.1996864 0.2141956 0.4528466 0.4699421 0.4699421 0.3673693 0.4699421 0.4528466 0.3673693 0.3673693 0.4186557 0.4186557 0.5356224 0.6214863 0.3508435 0.6269370 0.4186557 0.4034700 0.3872263 0.2480355 0.3828645 0.3815547 0.3966520 0.3872263 0.6608428 0.4491767 0.3828645 0.7964660 0.4916341 0.8812305 0.5526279 0.4916341 0.5574593 0.5534794 0.4999083 0.5356224 0.5356224 0.8163307 0.6453255 0.5618789 0.9617407 0.9617407 0.9999172
gi|4992873 0.3609939 0.3609939 0.4282472 0.3778072 0.3556905 0.3778072 0.4450605 0.4282472 0.4282472 0.4065492 0.4574079 0.4034700 0.2455904 0.0000000 0.1427675 0.2320527 0.1269391 0.1427675 0.2306055 0.2818919 0.3160829 0.2989874 0.3160829 0.4528466 0.1793191 0.1793191 0.2647965 0.2647965 0.4463372 0.5313863 0.1754217 0.6608428 0.2647965 0.2631326 0.2430663 0.1323622 0.2327750 0.2906206 0.4770870 0.2610863 0.6947486 0.3390305 0.2327750 0.8303718 0.4103091 0.8642776 0.4509716 0.4916341 0.4866681 0.4820512 0.4284801 0.5534794 0.5534794 0.7612576 0.5744056 0.5618789 0.9617407 0.9617407 0.9999172
gi|5035429 0.3155248 0.3155248 0.3839625 0.3326342 0.3097996 0.3326342 0.4010719 0.3839625 0.3839625 0.3960624 0.4305676 0.3927660 0.1963386 0.1427675 0.0000000 0.0909006 0.0739788 0.0909006 0.3561479 0.4083443 0.4431418 0.3561479 0.4083443 0.4257430 0.2691539 0.2691539 0.3561479 0.3561479 0.4363230 0.5228763 0.2499097 0.6375984 0.3561479 0.3391949 0.3210554 0.1357590 0.2871929 0.3147205 0.4466200 0.3394027 0.6721035 0.3830076 0.2871929 0.8101241 0.3782838 0.8446292 0.4404472 0.4818894 0.3873372 0.3817827 0.3817827 0.5454038 0.5454038 0.8129694 0.5656849 0.5523151 0.9610308 0.9610308 0.9999187
gi|1386580 0.4010719 0.4010719 0.4695096 0.4181813 0.3960624 0.4181813 0.4866190 0.4695096 0.4695096 0.4823253 0.4650727 0.4820512 0.2856238 0.2320527 0.0909006 0.0000000 0.1665718 0.1818013 0.3561479 0.4083443 0.4431418 0.3561479 0.4083443 0.4257430 0.2691539 0.2691539 0.3561479 0.3561479 0.4363230 0.6146132 0.2499097 0.7238613 0.3561479 0.3391949 0.3210554 0.2339583 0.2871929 0.3147205 0.5490823 0.3394027 0.7583664 0.3830076 0.2871929 0.8446292 0.4818894 0.8446292 0.5440527 0.5854949 0.4774209 0.4726833 0.4726833 0.6363044 0.6363044 0.8129694 0.5656849 0.5802913 0.9999124 0.9999124 0.9999187
gi|5035416 0.3205464 0.3205464 0.3902240 0.3379658 0.3148176 0.3379658 0.4076434 0.3902240 0.3902240 0.3850829 0.4377818 0.3815547 0.1996864 0.1269391 0.0739788 0.1665718 0.0000000 0.0369416 0.3443981 0.3975472 0.4329800 0.3443981 0.3975472 0.4329800 0.2558161 0.2558161 0.3443981 0.3443981 0.4258321 0.5139602 0.2360601 0.6485776 0.3443981 0.3269942 0.3083664 0.1191052 0.2743292 0.3018596 0.4566478 0.3270568 0.6837102 0.3713796 0.2743292 0.8242407 0.3660134 0.8593734 0.4294040 0.4716643 0.4677344 0.4628693 0.3702763 0.5369437 0.5369437 0.8094468 0.5565155 0.4850258 0.9602863 0.9602863 0.9999203
gi|5838482 0.3326342 0.3326342 0.4010719 0.3497436 0.3270522 0.3497436 0.4181813 0.4010719 0.4010719 0.3960624 0.4478202 0.3927660 0.2141956 0.1427675 0.0909006 0.1818013 0.0369416 0.0000000 0.3561479 0.4083443 0.4431418 0.3561479 0.4083443 0.4431418 0.2691539 0.2691539 0.3561479 0.3561479 0.4363230 0.5228763 0.2499097 0.6548510 0.3561479 0.3391949 0.3210554 0.1357590 0.2871929 0.3147205 0.4671125 0.3394027 0.6893561 0.3830076 0.2871929 0.8273767 0.3782838 0.8618818 0.4404472 0.4818894 0.4774209 0.4726833 0.3817827 0.5454038 0.5454038 0.8129694 0.5656849 0.4963628 0.9610308 0.9610308 0.9999187
gi|5021144 0.3933570 0.3933570 0.4589289 0.4097500 0.3883787 0.4097500 0.4753219 0.4589289 0.4589289 0.4379614 0.4379614 0.4357511 0.4528466 0.2306055 0.3561479 0.3561479 0.3443981 0.3561479 0.0000000 0.0833249 0.0833249 0.2499748 0.1166549 0.2499748 0.1166549 0.1166549 0.1666499 0.1666499 0.2517551 0.7365678 0.1109373 0.6858748 0.1666499 0.1622237 0.1923400 0.3618168 0.2030990 0.2380997 0.6086026 0.2098957 0.7189299 0.3025497 0.2030990 0.8015677 0.4460909 0.8015677 0.4856496 0.6241052 0.6032579 0.5997309 0.5997309 0.7041237 0.7041237 0.8210963 0.6096765 0.6284228 0.9999086 0.9999086 0.9999149
gi|5027183 0.4753219 0.4753219 0.5408939 0.4917149 0.4710165 0.4917149 0.5572869 0.5408939 0.5408939 0.5205992 0.5205992 0.5212285 0.4699421 0.2818919 0.4083443 0.4083443 0.3975472 0.4083443 0.0833249 0.0000000 0.1166549 0.1999799 0.0333300 0.2499748 0.1666499 0.1666499 0.1166549 0.1166549 0.3387491 0.7892351 0.1622237 0.7685126 0.1666499 0.1109373 0.1396728 0.4181191 0.2518825 0.1849505 0.6086026 0.2098957 0.8015677 0.2489070 0.2518825 0.8842056 0.5449877 0.8842056 0.5845465 0.6241052 0.6549941 0.6519273 0.6519273 0.7041237 0.7041237 0.7674535 0.5408094 0.6284228 0.9999086 0.9999086 0.9999149
gi|5053946 0.4753219 0.4753219 0.5408939 0.4917149 0.4710165 0.4917149 0.5572869 0.5408939 0.5408939 0.5205992 0.5205992 0.5212285 0.4699421 0.3160829 0.4431418 0.4431418 0.4329800 0.4431418 0.0833249 0.1166549 0.0000000 0.2833048 0.1499849 0.2833048 0.1999799 0.1999799 0.1999799 0.1999799 0.3387491 0.8243465 0.1964146 0.7354575 0.1999799 0.1964146 0.2274515 0.4556539 0.2844049 0.2735325 0.6086026 0.2274515 0.7685126 0.3383116 0.2844049 0.8511504 0.5449877 0.8511504 0.5845465 0.6241052 0.6894849 0.6867249 0.6867249 0.7041237 0.7041237 0.8210963 0.6555878 0.6284228 0.9999086 0.9999086 0.9999149
gi|1427799 0.5245009 0.5245009 0.5900729 0.5408939 0.5205992 0.5408939 0.6064659 0.5900729 0.5900729 0.5701819 0.5701819 0.5725149 0.3673693 0.2989874 0.3561479 0.3561479 0.3443981 0.3561479 0.2499748 0.1999799 0.2833048 0.0000000 0.1999799 0.3499647 0.1666499 0.1666499 0.1166549 0.0833249 0.3909455 0.7365678 0.1964146 0.8180953 0.1666499 0.1109373 0.0870056 0.3618168 0.1868378 0.0963685 0.6086026 0.1747843 0.8511504 0.1595024 0.1868378 0.9172607 0.6043258 0.9172607 0.6438846 0.6241052 0.6549941 0.6519273 0.6345285 0.6867249 0.6867249 0.6780490 0.4260311 0.6284228 0.9999086 0.9999086 0.9999149
gi|5043250 0.4753219 0.4753219 0.5408939 0.4917149 0.4710165 0.4917149 0.5572869 0.5408939 0.5408939 0.5205992 0.5205992 0.5212285 0.4699421 0.3160829 0.4083443 0.4083443 0.3975472 0.4083443 0.1166549 0.0333300 0.1499849 0.1999799 0.0000000 0.2499748 0.1666499 0.1666499 0.0833249 0.1166549 0.3387491 0.7892351 0.1622237 0.7685126 0.1666499 0.1109373 0.1396728 0.3805842 0.2518825 0.1849505 0.6086026 0.2098957 0.8015677 0.2489070 0.2518825 0.8842056 0.5449877 0.8842056 0.5845465 0.6241052 0.6549941 0.6519273 0.6519273 0.7041237 0.7041237 0.7674535 0.5408094 0.6284228 0.9999086 0.9999086 0.9999149
gi|1062516 0.4589289 0.4589289 0.5245009 0.4753219 0.4544889 0.4753219 0.5408939 0.5245009 0.5245009 0.4875441 0.4379614 0.5212285 0.4528466 0.4528466 0.4257430 0.4257430 0.4329800 0.4431418 0.2499748 0.2499748 0.2833048 0.3499647 0.2499748 0.0000000 0.2999698 0.2999698 0.2999698 0.2999698 0.3735467 0.8067908 0.2818919 0.7189299 0.2499748 0.2818919 0.3152302 0.4744214 0.3494496 0.3089653 0.5499061 0.3327859 0.7519851 0.3919543 0.3494496 0.8346229 0.5845465 0.8676780 0.5449877 0.6241052 0.6549941 0.6519273 0.6867249 0.7215225 0.7215225 0.8747390 0.6555878 0.6284228 0.9999086 0.9999086 0.9999149
gi|1381585 0.4753219 0.4753219 0.5408939 0.4917149 0.4710165 0.4917149 0.5572869 0.5408939 0.5408939 0.5205992 0.5205992 0.5212285 0.3673693 0.1793191 0.2691539 0.2691539 0.2558161 0.2691539 0.1166549 0.1666499 0.1999799 0.1666499 0.1666499 0.2999698 0.0000000 0.0000000 0.1166549 0.0833249 0.3387491 0.6487892 0.0254599 0.7685126 0.0833249 0.1109373 0.1396728 0.2679797 0.0892707 0.1849505 0.6086026 0.1572285 0.8015677 0.2489070 0.0892707 0.8676780 0.5449877 0.8676780 0.5845465 0.6241052 0.6032579 0.5997309 0.5475346 0.6693261 0.6693261 0.7674535 0.5408094 0.6284228 0.9999086 0.9999086 0.9999149
gi|4976759 0.4753219 0.4753219 0.5408939 0.4917149 0.4710165 0.4917149 0.5572869 0.5408939 0.5408939 0.5205992 0.5205992 0.5212285 0.3673693 0.1793191 0.2691539 0.2691539 0.2558161 0.2691539 0.1166549 0.1666499 0.1999799 0.1666499 0.1666499 0.2999698 0.0000000 0.0000000 0.1166549 0.0833249 0.3387491 0.6487892 0.0254599 0.7685126 0.0833249 0.1109373 0.1396728 0.2679797 0.0892707 0.1849505 0.6086026 0.1572285 0.8015677 0.2489070 0.0892707 0.8676780 0.5449877 0.8676780 0.5845465 0.6241052 0.6032579 0.5997309 0.5475346 0.6693261 0.6693261 0.7674535 0.5408094 0.6284228 0.9999086 0.9999086 0.9999149
gi|5021171 0.5245009 0.5245009 0.5900729 0.5408939 0.5205992 0.5408939 0.6064659 0.5900729 0.5900729 0.5701819 0.5701819 0.5725149 0.4186557 0.2647965 0.3561479 0.3561479 0.3443981 0.3561479 0.1666499 0.1166549 0.1999799 0.1166549 0.0833249 0.2999698 0.1166549 0.1166549 0.0000000 0.0333300 0.3909455 0.7365678 0.1109373 0.8180953 0.1166549 0.0254599 0.0518941 0.3242819 0.2030990 0.0963685 0.6086026 0.1396728 0.8511504 0.1595024 0.2030990 0.9172607 0.6043258 0.9172607 0.6438846 0.6241052 0.6549941 0.6519273 0.6345285 0.6867249 0.6867249 0.6780490 0.4260311 0.6284228 0.9999086 0.9999086 0.9999149
gi|4976778 0.5245009 0.5245009 0.5900729 0.5408939 0.5205992 0.5408939 0.6064659 0.5900729 0.5900729 0.5701819 0.5701819 0.5725149 0.4186557 0.2647965 0.3561479 0.3561479 0.3443981 0.3561479 0.1666499 0.1166549 0.1999799 0.0833249 0.1166549 0.2999698 0.0833249 0.0833249 0.0333300 0.0000000 0.3909455 0.7365678 0.1109373 0.8180953 0.0833249 0.0254599 0.0518941 0.3618168 0.1705766 0.0963685 0.6086026 0.1396728 0.8511504 0.1595024 0.1705766 0.9172607 0.6043258 0.9172607 0.6438846 0.6241052 0.6549941 0.6519273 0.6345285 0.6867249 0.6867249 0.6780490 0.4260311 0.6284228 0.9999086 0.9999086 0.9999149
gi|9391519 0.4695096 0.4695096 0.4695096 0.4695096 0.4650727 0.4695096 0.4866190 0.4695096 0.4695096 0.4995779 0.5168304 0.4999083 0.5356224 0.4463372 0.4363230 0.4363230 0.4258321 0.4363230 0.2517551 0.3387491 0.3387491 0.3909455 0.3387491 0.3735467 0.3387491 0.3387491 0.3909455 0.3909455 0.0000000 0.6696552 0.3213379 0.7066087 0.3909455 0.3749090 0.3577501 0.4499969 0.3550698 0.3517577 0.7130220 0.3760975 0.7411138 0.4390896 0.3550698 0.8101241 0.5233316 0.8101241 0.5647738 0.7098216 0.5134543 0.5090435 0.4908634 0.6181243 0.6181243 0.8877454 0.6139340 0.6362437 0.9999124 0.9999124 0.9999187
gi|1002166 0.6028624 0.6028624 0.6028624 0.6201250 0.5995280 0.6201250 0.6201250 0.6201250 0.6201250 0.6169356 0.7039737 0.6214863 0.6214863 0.5313863 0.5228763 0.6146132 0.5139602 0.5228763 0.7365678 0.7892351 0.8243465 0.7365678 0.7892351 0.8067908 0.6487892 0.6487892 0.7365678 0.7365678 0.6696552 0.0000000 0.6395063 0.7561965 0.7365678 0.7296062 0.7221562 0.4844158 0.6574893 0.7195541 0.7516218 0.7406730 0.7561965 0.7357567 0.6574893 0.9128651 0.5186856 0.9476803 0.5396088 0.7488402 0.5635437 0.5595711 0.5228763 0.6329605 0.6329605 0.9433058 0.7317910 0.8585002 0.9606630 0.9606630 0.9999195
gi|5542098 0.4618738 0.4618738 0.5291271 0.4786872 0.4574079 0.4786872 0.5459404 0.5291271 0.5291271 0.5082667 0.5082667 0.5087230 0.3508435 0.1754217 0.2499097 0.2499097 0.2360601 0.2499097 0.1109373 0.1622237 0.1964146 0.1964146 0.1622237 0.2818919 0.0254599 0.0254599 0.1109373 0.1109373 0.3213379 0.6395063 0.0000000 0.7625602 0.1109373 0.0877109 0.1169264 0.2673144 0.1160387 0.1633127 0.5977396 0.1349464 0.7964660 0.2288842 0.1160387 0.8642776 0.5322966 0.8642776 0.5729591 0.6136217 0.5928549 0.5891935 0.5356224 0.6606216 0.6606216 0.7612576 0.5271256 0.6166356 0.9999109 0.9999109 0.9999172
gi|6366656 0.4633570 0.4633570 0.4633570 0.4633570 0.4589695 0.4633570 0.4958746 0.4633570 0.4633570 0.5573200 0.5245365 0.5421725 0.6269370 0.6608428 0.6375984 0.7238613 0.6485776 0.6548510 0.6858748 0.7685126 0.7354575 0.8180953 0.7685126 0.7189299 0.7685126 0.7685126 0.8180953 0.8180953 0.7066087 0.7561965 0.7625602 0.0000000 0.8180953 0.8134189 0.8084194 0.7022386 0.7740968 0.8066744 0.5926716 0.8084194 0.4917530 0.8048876 0.7740968 0.6392789 0.5882382 0.7540212 0.6078418 0.6862559 0.7091839 0.7066087 0.7411138 0.7756190 0.7756190 0.9112605 0.9544460 0.7635086 0.9630673 0.9630673 0.9999141
gi|1062516 0.5245009 0.5245009 0.5900729 0.5408939 0.5205992 0.5408939 0.6064659 0.5900729 0.5900729 0.5701819 0.5701819 0.5725149 0.4186557 0.2647965 0.3561479 0.3561479 0.3443981 0.3561479 0.1666499 0.1666499 0.1999799 0.1666499 0.1666499 0.2499748 0.0833249 0.0833249 0.1166549 0.0833249 0.3909455 0.7365678 0.1109373 0.8180953 0.0000000 0.1109373 0.1396728 0.3618168 0.1705766 0.1849505 0.6086026 0.1572285 0.8511504 0.2489070 0.1705766 0.9172607 0.6043258 0.9172607 0.6438846 0.6241052 0.6549941 0.6519273 0.6345285 0.6867249 0.6867249 0.7674535 0.5408094 0.6284228 0.9999086 0.9999086 0.9999149
gi|3891959 0.5123138 0.5123138 0.5795671 0.5291271 0.5082667 0.5291271 0.5963804 0.5795671 0.5795671 0.5591254 0.5591254 0.5613495 0.4034700 0.2631326 0.3391949 0.3391949 0.3269942 0.3391949 0.1622237 0.1109373 0.1964146 0.1109373 0.1109373 0.2818919 0.1109373 0.1109373 0.0254599 0.0254599 0.3749090 0.7296062 0.0877109 0.8134189 0.1109373 0.0000000 0.0268264 0.3637087 0.1994218 0.0723786 0.5977396 0.1169264 0.8473247 0.1370957 0.1994218 0.9151363 0.5932904 0.9151363 0.6339529 0.6136217 0.6459484 0.6427646 0.6249076 0.6784787 0.6784787 0.6694691 0.4089257 0.6166356 0.9999109 0.9999109 0.9999172
gi|1578315 0.4992867 0.4992867 0.5683372 0.5165493 0.4950824 0.5165493 0.5855998 0.5683372 0.5683372 0.5473052 0.5473052 0.5494063 0.3872263 0.2430663 0.3210554 0.3210554 0.3083664 0.3210554 0.1923400 0.1396728 0.2274515 0.0870056 0.1396728 0.3152302 0.1396728 0.1396728 0.0518941 0.0518941 0.3577501 0.7221562 0.1169264 0.8084194 0.1396728 0.0268264 0.0000000 0.3456278 0.1952327 0.0467015 0.5860916 0.0925841 0.8432346 0.1131094 0.1952327 0.9128651 0.5814550 0.9128651 0.6233013 0.6023782 0.6362709 0.6329605 0.6146132 0.6696552 0.6696552 0.6602843 0.3905262 0.6039175 0.9999132 0.9999132 0.9999195
gi|5035417 0.3727841 0.3727841 0.4465634 0.3912289 0.3673599 0.3912289 0.4650082 0.4465634 0.4465634 0.4045686 0.4789861 0.4022665 0.2480355 0.1323622 0.1357590 0.2339583 0.1191052 0.1357590 0.3618168 0.4181191 0.4556539 0.3618168 0.3805842 0.4744214 0.2679797 0.2679797 0.3242819 0.3618168 0.4499969 0.4844158 0.2673144 0.7022386 0.3618168 0.3637087 0.3456278 0.0000000 0.2866507 0.3393076 0.5108021 0.3654547 0.7208430 0.4136894 0.2866507 0.8882823 0.3477138 0.9254911 0.3926937 0.5051437 0.5134808 0.5089165 0.4303570 0.5874760 0.5874760 0.8786274 0.5258995 0.6313104 0.9578155 0.9578155 0.9999250
gi|1009083 0.4879398 0.4879398 0.5519343 0.5039385 0.4837833 0.5039385 0.5679329 0.5519343 0.5519343 0.5321689 0.5321689 0.5329541 0.3828645 0.2327750 0.2871929 0.2871929 0.2743292 0.2871929 0.2030990 0.2518825 0.2844049 0.1868378 0.2518825 0.3494496 0.0892707 0.0892707 0.2030990 0.1705766 0.3550698 0.6574893 0.1160387 0.7740968 0.1705766 0.1994218 0.1952327 0.2866507 0.0000000 0.2052270 0.6187646 0.2123533 0.8063539 0.2676672 0.0000000 0.8708680 0.5568575 0.8708680 0.5953839 0.6339103 0.6130106 0.6096084 0.5587007 0.6774853 0.6774853 0.7732587 0.5535718 0.6393843 0.9999063 0.9999063 0.9999126
gi|1094959 0.4947404 0.4947404 0.5644180 0.5121598 0.4904807 0.5121598 0.5818374 0.5644180 0.5644180 0.5431797 0.5431797 0.5452362 0.3815547 0.2906206 0.3147205 0.3147205 0.3018596 0.3147205 0.2380997 0.1849505 0.2735325 0.0963685 0.1849505 0.3089653 0.1849505 0.1849505 0.0963685 0.0963685 0.3517577 0.7195541 0.1633127 0.8066744 0.1849505 0.0723786 0.0467015 0.3393076 0.2052270 0.0000000 0.5820178 0.1401533 0.8418071 0.1237763 0.2052270 0.9120723 0.5773152 0.9120723 0.6195755 0.5984454 0.6328916 0.6295366 0.6110180 0.6665738 0.6665738 0.6761220 0.3840772 0.5994502 0.9999140 0.9999140 0.9999203
gi|1011526 0.1925439 0.1925439 0.2886590 0.2886590 0.1854316 0.2886590 0.2694360 0.3463281 0.3463281 0.3599630 0.3599630 0.3363257 0.3966520 0.4770870 0.4466200 0.5490823 0.4566478 0.4671125 0.6086026 0.6086026 0.6086026 0.6086026 0.6086026 0.5499061 0.6086026 0.6086026 0.6086026 0.6086026 0.7130220 0.7516218 0.5977396 0.5926716 0.6086026 0.5977396 0.5860916 0.5108021 0.6187646 0.5820178 0.0000000 0.5860916 0.6314564 0.5989457 0.6187646 0.6508488 0.4822975 0.7865955 0.4822975 0.1999544 0.4518603 0.4466200 0.4876050 0.4671125 0.4671125 0.8521918 0.9446520 0.4823024 0.9559322 0.9559322 0.9999281
gi|1147936 0.5165493 0.5165493 0.5855998 0.5338119 0.5124900 0.5338119 0.6028624 0.5855998 0.5855998 0.5647128 0.5647128 0.5674263 0.3872263 0.2610863 0.3394027 0.3394027 0.3270568 0.3394027 0.2098957 0.2098957 0.2274515 0.1747843 0.2098957 0.3327859 0.1572285 0.1572285 0.1396728 0.1396728 0.3760975 0.7406730 0.1349464 0.8084194 0.1572285 0.1169264 0.0925841 0.3654547 0.2123533 0.1401533 0.5860916 0.0000000 0.8432346 0.2074499 0.2123533 0.9128651 0.6023782 0.9128651 0.6442245 0.6023782 0.6544527 0.6513079 0.6329605 0.6696552 0.6696552 0.7357567 0.5124065 0.6039175 0.9999132 0.9999132 0.9999195
gi|6366656 0.4958746 0.4958746 0.4958746 0.4958746 0.4917530 0.4958746 0.5283921 0.4958746 0.4958746 0.5901036 0.5573200 0.5760783 0.6608428 0.6947486 0.6721035 0.7583664 0.6837102 0.6893561 0.7189299 0.8015677 0.7685126 0.8511504 0.8015677 0.7519851 0.8015677 0.8015677 0.8511504 0.8511504 0.7411138 0.7561965 0.7964660 0.4917530 0.8511504 0.8473247 0.8432346 0.7208430 0.8063539 0.8418071 0.6314564 0.8432346 0.0000000 0.8403452 0.8063539 0.6720624 0.5882382 0.7868048 0.6078418 0.7254630 0.7433859 0.7411138 0.7756190 0.8101241 0.8101241 0.9467182 0.9544460 0.8160466 0.9630673 0.9630673 0.9999141
gi|1578301 0.5076652 0.5076652 0.5779850 0.5252451 0.5034975 0.5252451 0.5955649 0.5779850 0.5779850 0.5566840 0.5389552 0.5593229 0.4491767 0.3390305 0.3830076 0.3830076 0.3713796 0.3830076 0.3025497 0.2489070 0.3383116 0.1595024 0.2489070 0.3919543 0.2489070 0.2489070 0.1595024 0.1595024 0.4390896 0.7357567 0.2288842 0.8048876 0.2489070 0.1370957 0.1131094 0.4136894 0.2676672 0.1237763 0.5989457 0.2074499 0.8403452 0.0000000 0.2676672 0.9112605 0.5944136 0.9112605 0.6370984 0.6157560 0.6479543 0.6447235 0.6260295 0.6821115 0.6821115 0.6537884 0.5019530 0.5948607 0.9999147 0.9999147 0.9999211
gi|1130619 0.4879398 0.4879398 0.5519343 0.5039385 0.4837833 0.5039385 0.5679329 0.5519343 0.5519343 0.5321689 0.5321689 0.5329541 0.3828645 0.2327750 0.2871929 0.2871929 0.2743292 0.2871929 0.2030990 0.2518825 0.2844049 0.1868378 0.2518825 0.3494496 0.0892707 0.0892707 0.2030990 0.1705766 0.3550698 0.6574893 0.1160387 0.7740968 0.1705766 0.1994218 0.1952327 0.2866507 0.0000000 0.2052270 0.6187646 0.2123533 0.8063539 0.2676672 0.0000000 0.8708680 0.5568575 0.8708680 0.5953839 0.6339103 0.6130106 0.6096084 0.5587007 0.6774853 0.6774853 0.7732587 0.5535718 0.6393843 0.9999063 0.9999063 0.9999126
gi|6366656 0.5771685 0.5771685 0.5771685 0.5771685 0.5737118 0.5771685 0.5771685 0.5771685 0.5771685 0.7376295 0.6720624 0.7286544 0.7964660 0.8303718 0.8101241 0.8446292 0.8242407 0.8273767 0.8015677 0.8842056 0.8511504 0.9172607 0.8842056 0.8346229 0.8676780 0.8676780 0.9172607 0.9172607 0.8101241 0.9128651 0.8642776 0.6392789 0.9172607 0.9151363 0.9128651 0.8882823 0.8708680 0.9120723 0.6508488 0.9128651 0.6720624 0.9112605 0.8708680 0.0000000 0.8038771 0.6720624 0.8234807 0.8234807 0.8117901 0.8101241 0.8446292 0.8791344 0.8791344 0.9112605 0.9999222 0.8685846 0.9999078 0.9999078 0.9999141
gi|1011526 0.1837878 0.1837878 0.2809454 0.2809454 0.1961675 0.2809454 0.2809454 0.3392400 0.3392400 0.2745816 0.3725993 0.2679903 0.4916341 0.4103091 0.3782838 0.4818894 0.3660134 0.3782838 0.4460909 0.5449877 0.5449877 0.6043258 0.5449877 0.5845465 0.5449877 0.5449877 0.6043258 0.6043258 0.5233316 0.5186856 0.5322966 0.5882382 0.6043258 0.5932904 0.5814550 0.3477138 0.5568575 0.5773152 0.4822975 0.6023782 0.5882382 0.5944136 0.5568575 0.8038771 0.0000000 0.8430842 0.1190390 0.4761559 0.4868194 0.4818894 0.4404472 0.6062160 0.6062160 0.9999195 0.7199920 0.7703829 0.9554264 0.9554264 0.9999289
gi|3399611 0.6909800 0.6909800 0.6909800 0.6909800 0.6884542 0.6909800 0.6909800 0.6909800 0.6909800 0.8031965 0.7704130 0.7964660 0.8812305 0.8642776 0.8446292 0.8446292 0.8593734 0.8618818 0.8015677 0.8842056 0.8511504 0.9172607 0.8842056 0.8676780 0.8676780 0.8676780 0.9172607 0.9172607 0.8101241 0.9476803 0.8642776 0.7540212 0.9172607 0.9151363 0.9128651 0.9254911 0.8708680 0.9120723 0.7865955 0.9128651 0.7868048 0.9112605 0.8708680 0.6720624 0.8430842 0.0000000 0.8626878 0.9018948 0.8459922 0.8446292 0.8791344 0.9136395 0.9136395 0.9112605 0.9999222 0.8685846 0.9999078 0.9999078 0.9999141
gi|1011534 0.2809454 0.2809454 0.3781030 0.3781030 0.2745816 0.3781030 0.3781030 0.4363976 0.4363976 0.1765639 0.2745816 0.2679903 0.5526279 0.4509716 0.4404472 0.5440527 0.4294040 0.4404472 0.4856496 0.5845465 0.5845465 0.6438846 0.5845465 0.5449877 0.5845465 0.5845465 0.6438846 0.6438846 0.5647738 0.5396088 0.5729591 0.6078418 0.6438846 0.6339529 0.6233013 0.3926937 0.5953839 0.6195755 0.4822975 0.6442245 0.6078418 0.6370984 0.5953839 0.8234807 0.1190390 0.8626878 0.0000000 0.4761559 0.5073433 0.5026105 0.5026105 0.6269372 0.6269372 0.9999195 0.7759810 0.7703829 0.9554264 0.9554264 0.9999289
gi|1011534 0.3586715 0.3586715 0.4558291 0.4558291 0.3529958 0.4558291 0.4363976 0.5141237 0.5141237 0.1961675 0.3922028 0.1663340 0.4916341 0.4916341 0.4818894 0.5854949 0.4716643 0.4818894 0.6241052 0.6241052 0.6241052 0.6241052 0.6241052 0.6241052 0.6241052 0.6241052 0.6241052 0.6241052 0.7098216 0.7488402 0.6136217 0.6862559 0.6241052 0.6136217 0.6023782 0.5051437 0.6339103 0.5984454 0.1999544 0.6023782 0.7254630 0.6157560 0.6339103 0.8234807 0.4761559 0.9018948 0.4761559 0.0000000 0.4868194 0.4818894 0.4818894 0.4818894 0.4818894 0.8718650 0.9439480 0.5080268 0.9554264 0.9554264 0.9999289
gi|1188287 0.4063113 0.4063113 0.4232710 0.4741501 0.4013651 0.4741501 0.4063113 0.4741501 0.4741501 0.4526682 0.5039713 0.4512724 0.5574593 0.4866681 0.3873372 0.4774209 0.4677344 0.4774209 0.6032579 0.6549941 0.6894849 0.6549941 0.6549941 0.6549941 0.6032579 0.6032579 0.6549941 0.6549941 0.5134543 0.5635437 0.5928549 0.7091839 0.6549941 0.6459484 0.6362709 0.5134808 0.6130106 0.6328916 0.4518603 0.6544527 0.7433859 0.6479543 0.6130106 0.8117901 0.4868194 0.8459922 0.5073433 0.4868194 0.0000000 0.0450192 0.2612200 0.3332870 0.3332870 0.8702412 0.8566504 0.5571585 0.9613899 0.9613899 0.9999180
gi|1188286 0.4010719 0.4010719 0.4181813 0.4695096 0.3960624 0.4695096 0.4010719 0.4695096 0.4695096 0.4478202 0.4995779 0.4463372 0.5534794 0.4820512 0.3817827 0.4726833 0.4628693 0.4726833 0.5997309 0.6519273 0.6867249 0.6519273 0.6519273 0.6519273 0.5997309 0.5997309 0.6519273 0.6519273 0.5090435 0.5595711 0.5891935 0.7066087 0.6519273 0.6427646 0.6329605 0.5089165 0.6096084 0.6295366 0.4466200 0.6513079 0.7411138 0.6447235 0.6096084 0.8101241 0.4818894 0.8446292 0.5026105 0.4818894 0.0450192 0.0000000 0.2545218 0.2908820 0.2908820 0.8690514 0.8551795 0.5523151 0.9610308 0.9610308 0.9999187
gi|8511881 0.4010719 0.4010719 0.4181813 0.4695096 0.3960624 0.4695096 0.4010719 0.4695096 0.4695096 0.4478202 0.5340830 0.4463372 0.4999083 0.4284801 0.3817827 0.4726833 0.3702763 0.3817827 0.5997309 0.6519273 0.6867249 0.6345285 0.6519273 0.6867249 0.5475346 0.5475346 0.6345285 0.6345285 0.4908634 0.5228763 0.5356224 0.7411138 0.6345285 0.6249076 0.6146132 0.4303570 0.5587007 0.6110180 0.4876050 0.6329605 0.7756190 0.6260295 0.5587007 0.8446292 0.4404472 0.8791344 0.5026105 0.4818894 0.2612200 0.2545218 0.0000000 0.2908820 0.2908820 0.8690514 0.8069304 0.5802913 0.9610308 0.9610308 0.9999187
gi|4963623 0.5208378 0.5208378 0.5379473 0.5892755 0.5168304 0.5892755 0.5208378 0.5892755 0.5892755 0.5513356 0.6203458 0.5534794 0.5356224 0.5534794 0.5454038 0.6363044 0.5369437 0.5454038 0.7041237 0.7041237 0.7041237 0.6867249 0.7041237 0.7215225 0.6693261 0.6693261 0.6867249 0.6867249 0.6181243 0.6329605 0.6606216 0.7756190 0.6867249 0.6784787 0.6696552 0.5874760 0.6774853 0.6665738 0.4671125 0.6696552 0.8101241 0.6821115 0.6774853 0.8791344 0.6062160 0.9136395 0.6269372 0.4818894 0.3332870 0.2908820 0.2908820 0.0000000 0.0909006 0.8503574 0.9034286 0.5523151 0.9610308 0.9610308 0.9999187
gi|5035033 0.5208378 0.5208378 0.5379473 0.5892755 0.5168304 0.5892755 0.5208378 0.5892755 0.5892755 0.5513356 0.6203458 0.5534794 0.5356224 0.5534794 0.5454038 0.6363044 0.5369437 0.5454038 0.7041237 0.7041237 0.7041237 0.6867249 0.7041237 0.7215225 0.6693261 0.6693261 0.6867249 0.6867249 0.6181243 0.6329605 0.6606216 0.7756190 0.6867249 0.6784787 0.6696552 0.5874760 0.6774853 0.6665738 0.4671125 0.6696552 0.8101241 0.6821115 0.6774853 0.8791344 0.6062160 0.9136395 0.6269372 0.4818894 0.3332870 0.2908820 0.2908820 0.0909006 0.0000000 0.8503574 0.9034286 0.5523151 0.9610308 0.9610308 0.9999187
gi|1227483 0.8768442 0.8768442 0.8768442 0.8768442 0.8758029 0.8768442 0.8768442 0.8768442 0.8768442 0.8935317 0.8758029 0.8897615 0.8163307 0.7612576 0.8129694 0.8129694 0.8094468 0.8129694 0.8210963 0.7674535 0.8210963 0.6780490 0.7674535 0.8747390 0.7674535 0.7674535 0.6780490 0.6780490 0.8877454 0.9433058 0.7612576 0.9112605 0.7674535 0.6694691 0.6602843 0.8786274 0.7732587 0.6761220 0.8521918 0.7357567 0.9467182 0.6537884 0.7732587 0.9112605 0.9999195 0.9112605 0.9999195 0.8718650 0.8702412 0.8690514 0.8690514 0.8503574 0.8503574 0.0000000 0.8007387 0.7973986 0.9999147 0.9999147 0.9999211
gi|913749| 0.7746676 0.7746676 0.7971930 0.7971930 0.7725415 0.7971930 0.7746676 0.7971930 0.7971930 0.8180176 0.8407557 0.8344454 0.6453255 0.5744056 0.5656849 0.5656849 0.5565155 0.5656849 0.6096765 0.5408094 0.6555878 0.4260311 0.5408094 0.6555878 0.5408094 0.5408094 0.4260311 0.4260311 0.6139340 0.7317910 0.5271256 0.9544460 0.5408094 0.4089257 0.3905262 0.5258995 0.5535718 0.3840772 0.9446520 0.5124065 0.9544460 0.5019530 0.5535718 0.9999222 0.7199920 0.9999222 0.7759810 0.9439480 0.8566504 0.8551795 0.8069304 0.9034286 0.9034286 0.8007387 0.0000000 0.9999541 0.9999322 0.9999322 0.9999386
gi|5838477 0.5838003 0.5838003 0.5838003 0.5838003 0.5796256 0.5838003 0.5838003 0.5838003 0.5838003 0.6058946 0.5796256 0.5892572 0.5618789 0.5618789 0.5523151 0.5802913 0.4850258 0.4963628 0.6284228 0.6284228 0.6284228 0.6284228 0.6284228 0.6284228 0.6284228 0.6284228 0.6284228 0.6284228 0.6362437 0.8585002 0.6166356 0.7635086 0.6284228 0.6166356 0.6039175 0.6313104 0.6393843 0.5994502 0.4823024 0.6039175 0.8160466 0.5948607 0.6393843 0.8685846 0.7703829 0.8685846 0.7703829 0.5080268 0.5571585 0.5523151 0.5802913 0.5523151 0.5523151 0.7973986 0.9999541 0.0000000 0.9999397 0.9999397 0.9999460
gi|9280631 0.9633811 0.9633811 0.9633811 0.9633811 0.9630673 0.9633811 0.9633811 0.9633811 0.9633811 0.9630673 0.9999078 0.9617407 0.9617407 0.9617407 0.9610308 0.9999124 0.9602863 0.9610308 0.9999086 0.9999086 0.9999086 0.9999086 0.9999086 0.9999086 0.9999086 0.9999086 0.9999086 0.9999086 0.9999124 0.9606630 0.9999109 0.9630673 0.9999086 0.9999109 0.9999132 0.9578155 0.9999063 0.9999140 0.9559322 0.9999132 0.9630673 0.9999147 0.9999063 0.9999078 0.9554264 0.9999078 0.9554264 0.9554264 0.9613899 0.9610308 0.9610308 0.9610308 0.9610308 0.9999147 0.9999322 0.9999397 0.0000000 0.0000000 0.9999242
gi|9280807 0.9633811 0.9633811 0.9633811 0.9633811 0.9630673 0.9633811 0.9633811 0.9633811 0.9633811 0.9630673 0.9999078 0.9617407 0.9617407 0.9617407 0.9610308 0.9999124 0.9602863 0.9610308 0.9999086 0.9999086 0.9999086 0.9999086 0.9999086 0.9999086 0.9999086 0.9999086 0.9999086 0.9999086 0.9999124 0.9606630 0.9999109 0.9630673 0.9999086 0.9999109 0.9999132 0.9578155 0.9999063 0.9999140 0.9559322 0.9999132 0.9630673 0.9999147 0.9999063 0.9999078 0.9554264 0.9999078 0.9554264 0.9554264 0.9613899 0.9610308 0.9610308 0.9610308 0.9610308 0.9999147 0.9999322 0.9999397 0.0000000 0.0000000 0.9999242
gi|1176623 0.9999134 0.9999134 0.9999134 0.9999134 0.9999141 0.9999134 0.9999134 0.9999134 0.9999134 0.9999141 0.9999141 0.9999172 0.9999172 0.9999172 0.9999187 0.9999187 0.9999203 0.9999187 0.9999149 0.9999149 0.9999149 0.9999149 0.9999149 0.9999149 0.9999149 0.9999149 0.9999149 0.9999149 0.9999187 0.9999195 0.9999172 0.9999141 0.9999149 0.9999172 0.9999195 0.9999250 0.9999126 0.9999203 0.9999281 0.9999195 0.9999141 0.9999211 0.9999126 0.9999141 0.9999289 0.9999141 0.9999289 0.9999289 0.9999180 0.9999187 0.9999187 0.9999187 0.9999187 0.9999211 0.9999386 0.9999460 0.9999242 0.9999242 0.0000000
