   59
gi|7353547 0.0000000 0.0000000 0.0952116 0.1025832 0.0733494 0.1034578 0.0892035 0.1618334 0.1586039 0.2052045 0.2200742 0.2516889 0.2899233 0.2972608 0.2987147 0.3177884 0.3164760 0.3266763 0.3315408 0.3385580 0.3383997 0.3571841 0.3625166 0.3464223 0.3503840 0.3503840 0.3712739 0.3545185 0.3544205 0.4038913 0.3536575 0.3646879 0.3524560 0.3612951 0.3387281 0.3945654 0.3503840 0.3887675 0.2848884 0.3511577 0.3698303 0.4033776 0.3503840 0.3138864 0.3940752 0.3579746 0.3776736 0.3114528 0.3672965 0.3422645 0.3106350 0.3606933 0.3596065 0.4606032 0.4994474 0.6219463 0.5626788 0.5626788 0.5862865
gi|4995962 0.0000000 0.0000000 0.0952116 0.1025832 0.0733494 0.1034578 0.0892035 0.1618334 0.1586039 0.2052045 0.2200742 0.2516889 0.2899233 0.2972608 0.2987147 0.3177884 0.3164760 0.3266763 0.3315408 0.3385580 0.3383997 0.3571841 0.3625166 0.3464223 0.3503840 0.3503840 0.3712739 0.3545185 0.3544205 0.4038913 0.3536575 0.3646879 0.3524560 0.3612951 0.3387281 0.3945654 0.3503840 0.3887675 0.2848884 0.3511577 0.3698303 0.4033776 0.3503840 0.3138864 0.3940752 0.3579746 0.3776736 0.3114528 0.3672965 0.3422645 0.3106350 0.3606933 0.3596065 0.4606032 0.4994474 0.6219463 0.5626788 0.5626788 0.5862865
gi|6168025 0.0952116 0.0952116 0.0000000 0.1406923 0.1237898 0.1042693 0.0965856 0.0997886 0.1619143 0.2367169 0.2508446 0.2813662 0.2905385 0.2853239 0.2966138 0.3157925 0.3131753 0.3245322 0.3227906 0.3316592 0.3346508 0.3600032 0.3594197 0.3470245 0.3485510 0.3485510 0.3683011 0.3547995 0.3411246 0.4183164 0.3499485 0.3475405 0.3538517 0.3595289 0.3376552 0.3838405 0.3485510 0.3840710 0.3179005 0.3486974 0.3665502 0.3916773 0.3485510 0.2990867 0.3849593 0.3593409 0.3873096 0.3406248 0.3748597 0.3518038 0.3138385 0.3670738 0.3657831 0.4452072 0.4974191 0.6124624 0.5575725 0.5575725 0.5801613
gi|6168024 0.1025832 0.1025832 0.1406923 0.0000000 0.1379426 0.1038574 0.1366772 0.1646381 0.0886172 0.2259819 0.2375237 0.2721087 0.3166926 0.3245006 0.3326999 0.3499417 0.3487951 0.3583160 0.3515313 0.3570082 0.3578551 0.3774636 0.3819512 0.3659814 0.3719217 0.3719217 0.3917321 0.3747248 0.3681797 0.4255270 0.3771478 0.3802496 0.3722527 0.3834497 0.3640094 0.4210595 0.3719217 0.4102493 0.2979335 0.3750842 0.3792669 0.4350520 0.3719217 0.3145348 0.4116789 0.3722659 0.3989671 0.3143038 0.3950312 0.3724310 0.3437962 0.3834526 0.3830231 0.4733655 0.5250847 0.6360700 0.5683061 0.5683061 0.6027622
gi|1578337 0.0733494 0.0733494 0.1237898 0.1379426 0.0000000 0.1410180 0.1170543 0.1894508 0.1835603 0.2155820 0.2309526 0.2404057 0.2806250 0.3060606 0.2913033 0.3116058 0.3096935 0.3192666 0.3434327 0.3499038 0.3490670 0.3665366 0.3728731 0.3568207 0.3608721 0.3608721 0.3810173 0.3646129 0.3768345 0.4127442 0.3502938 0.3640312 0.3631054 0.3578033 0.3326354 0.4046660 0.3608721 0.3789035 0.2931405 0.3451538 0.3702880 0.3974151 0.3608721 0.3134600 0.4082459 0.3589642 0.3898646 0.3199316 0.3743292 0.3354303 0.3023251 0.3528486 0.3516020 0.4598396 0.4922557 0.6238581 0.5655105 0.5655105 0.5891558
gi|6168025 0.1034578 0.1034578 0.1042693 0.1038574 0.1410180 0.0000000 0.1076968 0.0894788 0.1592155 0.2299689 0.2507770 0.2739924 0.3092036 0.3094719 0.3201282 0.3370866 0.3377398 0.3484774 0.3357702 0.3424239 0.3443281 0.3688218 0.3673377 0.3529041 0.3583617 0.3583617 0.3760304 0.3624059 0.3527217 0.4155917 0.3617078 0.3581707 0.3603880 0.3691793 0.3499722 0.4042711 0.3583617 0.3963070 0.3101238 0.3620159 0.3697854 0.4021305 0.3583617 0.3046203 0.3993418 0.3671379 0.3936641 0.3274143 0.3831034 0.3623390 0.3333525 0.3754776 0.3753740 0.4559974 0.5100813 0.6266330 0.5604321 0.5604321 0.5878546
gi|6168045 0.0892035 0.0892035 0.0965856 0.1366772 0.1170543 0.1076968 0.0000000 0.1431399 0.1813629 0.2304084 0.2453340 0.2689870 0.2984240 0.3016801 0.3059955 0.3249257 0.3232176 0.3347138 0.3363219 0.3433687 0.3433024 0.3690001 0.3669365 0.3552149 0.3596422 0.3596422 0.3757293 0.3639213 0.3570295 0.4094767 0.3591314 0.3629653 0.3626511 0.3667867 0.3457986 0.3952875 0.3596422 0.3928485 0.2979724 0.3554520 0.3732327 0.4015859 0.3596422 0.3046777 0.3941904 0.3537465 0.3869542 0.3247575 0.3716885 0.3473487 0.3155181 0.3624256 0.3609278 0.4597597 0.4873646 0.6223284 0.5564499 0.5564499 0.5765775
gi|6168046 0.1618334 0.1618334 0.0997886 0.1646381 0.1894508 0.0894788 0.1431399 0.0000000 0.1832165 0.2708600 0.2891212 0.3121139 0.3208126 0.3111779 0.3287600 0.3452748 0.3446581 0.3562196 0.3391453 0.3473239 0.3521960 0.3808530 0.3749216 0.3639908 0.3669780 0.3669780 0.3834910 0.3729185 0.3508363 0.4374660 0.3685228 0.3514846 0.3720164 0.3776326 0.3596061 0.4025895 0.3669780 0.4021780 0.3494608 0.3699932 0.3761962 0.4010039 0.3669780 0.3035623 0.4000341 0.3770779 0.4110778 0.3642061 0.3987708 0.3797989 0.3451457 0.3908328 0.3905245 0.4498438 0.5150028 0.6234479 0.5612756 0.5612756 0.5893861
gi|6168024 0.1586039 0.1586039 0.1619143 0.0886172 0.1835603 0.1592155 0.1813629 0.1832165 0.0000000 0.2628938 0.2657620 0.3073774 0.3307595 0.3322910 0.3456095 0.3621554 0.3593668 0.3682279 0.3596879 0.3656858 0.3683305 0.3895542 0.3927591 0.3794745 0.3836478 0.3836478 0.4028813 0.3872169 0.3738318 0.4507485 0.3886548 0.3864014 0.3853083 0.3956194 0.3767408 0.4295374 0.3836478 0.4206632 0.3280679 0.3855460 0.3882909 0.4487855 0.3836478 0.3180848 0.4232229 0.3796423 0.4211373 0.3418937 0.4145329 0.3933045 0.3598314 0.4003505 0.3994120 0.4750474 0.5378182 0.6358369 0.5731588 0.5731588 0.6100845
gi|4995965 0.2052045 0.2052045 0.2367169 0.2259819 0.2155820 0.2299689 0.2304084 0.2708600 0.2628938 0.0000000 0.1367125 0.1698772 0.2620421 0.3316751 0.3072060 0.3262733 0.3409511 0.3011578 0.3265472 0.3360914 0.3379934 0.3128471 0.3456504 0.2958392 0.3129560 0.3129560 0.3552063 0.3202935 0.3865578 0.4315648 0.3308023 0.4041246 0.3171448 0.3411522 0.3527676 0.3973742 0.3129560 0.3961196 0.3448542 0.3545923 0.4098390 0.4227033 0.3129560 0.3610156 0.4090701 0.4037441 0.3271741 0.2683259 0.3506758 0.3264459 0.3027776 0.3567022 0.3544099 0.4628213 0.4919341 0.5900037 0.5698644 0.5698644 0.5872870
gi|5660469 0.2200742 0.2200742 0.2508446 0.2375237 0.2309526 0.2507770 0.2453340 0.2891212 0.2657620 0.1367125 0.0000000 0.2167513 0.2750265 0.3467651 0.3164606 0.3344896 0.3507094 0.3147504 0.3392520 0.3484207 0.3502806 0.3258293 0.3579493 0.3107240 0.3278722 0.3278722 0.3672072 0.3348541 0.4090754 0.4358738 0.3440826 0.4171126 0.3318582 0.3538519 0.3677661 0.4205735 0.3278722 0.4174985 0.3434406 0.3699196 0.4258045 0.4475647 0.3278722 0.3705204 0.4338365 0.4225202 0.3579939 0.2971681 0.3578845 0.3356535 0.3219665 0.3789307 0.3778943 0.4788915 0.5087577 0.5933761 0.5871723 0.5871723 0.6141076
gi|1011529 0.2516889 0.2516889 0.2813662 0.2721087 0.2404057 0.2739924 0.2689870 0.3121139 0.3073774 0.1698772 0.2167513 0.0000000 0.2586207 0.3588719 0.2994038 0.3193404 0.3369209 0.2944384 0.3529999 0.3617489 0.3602465 0.3381092 0.3479193 0.3384947 0.3354552 0.3354552 0.3534315 0.3432040 0.4397772 0.4430634 0.3321649 0.4310363 0.3407426 0.3417531 0.3584291 0.3888922 0.3354552 0.4032959 0.3545396 0.3594404 0.4410113 0.4294400 0.3354552 0.3859458 0.4460346 0.4265143 0.3864196 0.2800205 0.3256771 0.2910407 0.2873025 0.3368651 0.3341002 0.4776451 0.5038071 0.6050653 0.5877950 0.5877950 0.6023278
gi|1386577 0.2899233 0.2899233 0.2905385 0.3166926 0.2806250 0.3092036 0.2984240 0.3208126 0.3307595 0.2620421 0.2750265 0.2586207 0.0000000 0.2679177 0.2056116 0.2326566 0.2470386 0.2205478 0.2700165 0.2787809 0.2822486 0.2454990 0.2924027 0.2965663 0.2524541 0.2524541 0.2779010 0.2593798 0.3819630 0.4214049 0.2277960 0.3950212 0.2688499 0.2371581 0.2645175 0.3666221 0.2524541 0.3230130 0.4112853 0.2625034 0.4313894 0.3352978 0.2524541 0.3942277 0.4262004 0.4521403 0.4143790 0.3446187 0.3575978 0.3097002 0.2688358 0.3413153 0.3406536 0.4184462 0.4683944 0.5626181 0.5909168 0.5909168 0.5776141
gi|4992873 0.2972608 0.2972608 0.2853239 0.3245006 0.3060606 0.3094719 0.3016801 0.3111779 0.3322910 0.3316751 0.3467651 0.3588719 0.2679177 0.0000000 0.2014291 0.2283395 0.1914155 0.2486822 0.2698150 0.2905856 0.2854184 0.3059801 0.3049928 0.3225198 0.2656167 0.2656167 0.2873029 0.2886097 0.3017369 0.3896449 0.2928194 0.3765385 0.2877726 0.3140393 0.2650182 0.2895544 0.2656167 0.3067937 0.4535950 0.2855718 0.4316616 0.3072275 0.2656167 0.4012875 0.4016334 0.4504277 0.4095262 0.4360618 0.3588136 0.3550502 0.2795108 0.3691744 0.3562737 0.3901440 0.4723931 0.5727901 0.5819221 0.5819221 0.5762759
gi|5035429 0.2987147 0.2987147 0.2966138 0.3326999 0.2913033 0.3201282 0.3059955 0.3287600 0.3456095 0.3072060 0.3164606 0.2994038 0.2056116 0.2014291 0.0000000 0.1040269 0.1038465 0.1511902 0.2940715 0.3154642 0.3115562 0.3107745 0.3089741 0.3170212 0.2685169 0.2685169 0.2937397 0.2934521 0.3676390 0.3964461 0.2760487 0.3903085 0.2938585 0.3021554 0.2672347 0.2988792 0.2685169 0.3376393 0.4421621 0.2756578 0.4394114 0.3257581 0.2685169 0.4116417 0.4079469 0.4537819 0.3999611 0.4152884 0.3086296 0.2694301 0.2114331 0.3402993 0.3405882 0.4222022 0.4695026 0.5453677 0.5897804 0.5897804 0.5931975
gi|1386580 0.3177884 0.3177884 0.3157925 0.3499417 0.3116058 0.3370866 0.3249257 0.3452748 0.3621554 0.3262733 0.3344896 0.3193404 0.2326566 0.2283395 0.1040269 0.0000000 0.1597754 0.1908165 0.3147114 0.3352908 0.3279368 0.3305268 0.3289891 0.3287854 0.2905089 0.2905089 0.3142471 0.3142376 0.3844037 0.4081190 0.2996146 0.3973668 0.3145692 0.3243522 0.2900045 0.3206056 0.2905089 0.3552448 0.4573525 0.2976532 0.4479811 0.3437933 0.2905089 0.4186796 0.4232780 0.4518526 0.4163741 0.4321431 0.3187421 0.2849146 0.2370121 0.3549190 0.3523257 0.4428517 0.4801598 0.5527882 0.6005318 0.6005318 0.5909165
gi|5035416 0.3164760 0.3164760 0.3131753 0.3487951 0.3096935 0.3377398 0.3232176 0.3446581 0.3593668 0.3409511 0.3507094 0.3369209 0.2470386 0.1914155 0.1038465 0.1597754 0.0000000 0.1943751 0.3257228 0.3439406 0.3397598 0.3380966 0.3390272 0.3572080 0.3048346 0.3048346 0.3241555 0.3260871 0.3606513 0.3856816 0.3126612 0.3889870 0.3272249 0.3349966 0.2730163 0.3008854 0.3048346 0.3281266 0.4604548 0.2908826 0.4305571 0.3085668 0.3048346 0.4283183 0.4180052 0.4798705 0.4130009 0.4462473 0.3336871 0.2996150 0.2236442 0.3469377 0.3474242 0.4114718 0.4867356 0.5464962 0.5977489 0.5977489 0.6067855
gi|5838482 0.3266763 0.3266763 0.3245322 0.3583160 0.3192666 0.3484774 0.3347138 0.3562196 0.3682279 0.3011578 0.3147504 0.2944384 0.2205478 0.2486822 0.1511902 0.1908165 0.1943751 0.0000000 0.2984148 0.3187170 0.3166584 0.3095762 0.3138756 0.3271270 0.2685540 0.2685540 0.2977620 0.2947608 0.4044857 0.4360046 0.2745093 0.4314368 0.2993588 0.3019267 0.3112904 0.3032573 0.2685540 0.3733082 0.4527269 0.3126630 0.4650974 0.3797592 0.2685540 0.4248721 0.4070440 0.4618373 0.3930243 0.4030435 0.3445296 0.3130033 0.2254385 0.3384139 0.3377422 0.4544508 0.4695342 0.5261353 0.6047477 0.6047477 0.5858001
gi|5021144 0.3315408 0.3315408 0.3227906 0.3515313 0.3434327 0.3357702 0.3363219 0.3391453 0.3596879 0.3265472 0.3392520 0.3529999 0.2700165 0.2698150 0.2940715 0.3147114 0.3257228 0.2984148 0.0000000 0.0888269 0.0862953 0.1840234 0.1321704 0.1732920 0.1401574 0.1401574 0.1617181 0.1613348 0.2640517 0.4403382 0.1600513 0.4429169 0.1573929 0.1789306 0.2389708 0.3894875 0.1401574 0.3125570 0.4559411 0.2413908 0.4737975 0.3201351 0.1401574 0.4203088 0.4549774 0.4682007 0.4566965 0.4077110 0.3740670 0.3723478 0.3460621 0.4046083 0.4052040 0.4326016 0.5181178 0.5892751 0.5966034 0.5966034 0.5807787
gi|5027183 0.3385580 0.3385580 0.3316592 0.3570082 0.3499038 0.3424239 0.3433687 0.3473239 0.3656858 0.3360914 0.3484207 0.3617489 0.2787809 0.2905856 0.3154642 0.3352908 0.3439406 0.3187170 0.0888269 0.0000000 0.0996132 0.1664379 0.1005100 0.1721218 0.1691752 0.1691752 0.1382919 0.1356598 0.2842473 0.4600661 0.1849570 0.4500977 0.1632237 0.1554817 0.2208373 0.4123207 0.1691752 0.3025700 0.4415965 0.2265042 0.4793576 0.3093325 0.1691752 0.4265038 0.4810334 0.4759974 0.4781115 0.3970612 0.3848033 0.3849859 0.3607363 0.3977447 0.3991595 0.4272552 0.5118202 0.5879656 0.5950830 0.5950830 0.5776407
gi|5053946 0.3383997 0.3383997 0.3346508 0.3578551 0.3490670 0.3443281 0.3433024 0.3521960 0.3683305 0.3379934 0.3502806 0.3602465 0.2822486 0.2854184 0.3115562 0.3279368 0.3397598 0.3166584 0.0862953 0.0996132 0.0000000 0.1895004 0.1377358 0.1808600 0.1638753 0.1638753 0.1672991 0.1652769 0.2798562 0.4438842 0.1782237 0.4540363 0.1640207 0.1798317 0.2327869 0.4141353 0.1638753 0.3130829 0.4402105 0.2333853 0.4824755 0.3213200 0.1638753 0.4263163 0.4780958 0.4698886 0.4748535 0.3993472 0.3780183 0.3759544 0.3546836 0.3884243 0.3895027 0.4367766 0.5224360 0.5897555 0.5977573 0.5977573 0.5734014
gi|1427799 0.3571841 0.3571841 0.3600032 0.3774636 0.3665366 0.3688218 0.3690001 0.3808530 0.3895542 0.3128471 0.3258293 0.3381092 0.2454990 0.3059801 0.3107745 0.3305268 0.3380966 0.3095762 0.1840234 0.1664379 0.1895004 0.0000000 0.1660849 0.1975520 0.1308171 0.1308171 0.1398621 0.0965433 0.3252244 0.4517790 0.1874879 0.4587104 0.1368780 0.1641657 0.2230939 0.3978539 0.1308171 0.2918195 0.4540503 0.2292615 0.4829197 0.3038810 0.1308171 0.4431581 0.4965649 0.4934263 0.4633025 0.3948057 0.3783222 0.3797177 0.3493472 0.3906736 0.3926929 0.4244266 0.5012317 0.5988832 0.6126624 0.6126624 0.5888387
gi|5043250 0.3625166 0.3625166 0.3594197 0.3819512 0.3728731 0.3673377 0.3669365 0.3749216 0.3927591 0.3456504 0.3579493 0.3479193 0.2924027 0.3049928 0.3089741 0.3289891 0.3390272 0.3138756 0.1321704 0.1005100 0.1377358 0.1660849 0.0000000 0.1756526 0.1659805 0.1659805 0.0934335 0.1346201 0.3214997 0.4675364 0.2096634 0.4698899 0.1623607 0.1836935 0.2416077 0.3894572 0.1659805 0.3179865 0.4559234 0.2485241 0.5009457 0.3234900 0.1659805 0.4419465 0.5015881 0.4947796 0.4834472 0.4128811 0.3507089 0.3642716 0.3535458 0.3913891 0.3927878 0.4349189 0.5234841 0.5862183 0.6051237 0.6051237 0.5841293
gi|1062516 0.3464223 0.3464223 0.3470245 0.3659814 0.3568207 0.3529041 0.3552149 0.3639908 0.3794745 0.2958392 0.3107240 0.3384947 0.2965663 0.3225198 0.3170212 0.3287854 0.3572080 0.3271270 0.1732920 0.1721218 0.1808600 0.1975520 0.1756526 0.0000000 0.1797668 0.1797668 0.2011563 0.1729243 0.3111470 0.4703573 0.2197023 0.4483413 0.1461437 0.2153209 0.2541846 0.4211212 0.1797668 0.3257675 0.4424072 0.2632526 0.4768506 0.3333194 0.1797668 0.4303106 0.5010792 0.4770196 0.4506744 0.3972612 0.3599135 0.3671138 0.3619488 0.4056118 0.4099627 0.4368429 0.5157955 0.5784858 0.5968987 0.5968987 0.5898910
gi|1381585 0.3503840 0.3503840 0.3485510 0.3719217 0.3608721 0.3583617 0.3596422 0.3669780 0.3836478 0.3129560 0.3278722 0.3354552 0.2524541 0.2656167 0.2685169 0.2905089 0.3048346 0.2685540 0.1401574 0.1691752 0.1638753 0.1308171 0.1659805 0.1797668 0.0000000 0.0000000 0.1362579 0.0977235 0.3092311 0.4252860 0.1328087 0.4604378 0.0935291 0.1635755 0.2248174 0.3673236 0.0000000 0.3041577 0.4655173 0.2322564 0.4907598 0.3096312 0.0000000 0.4419389 0.4684742 0.4854812 0.4406128 0.4138256 0.3552717 0.3560652 0.3220443 0.3925748 0.3940252 0.4354216 0.5020004 0.5840251 0.6119408 0.6119408 0.5970662
gi|4976759 0.3503840 0.3503840 0.3485510 0.3719217 0.3608721 0.3583617 0.3596422 0.3669780 0.3836478 0.3129560 0.3278722 0.3354552 0.2524541 0.2656167 0.2685169 0.2905089 0.3048346 0.2685540 0.1401574 0.1691752 0.1638753 0.1308171 0.1659805 0.1797668 0.0000000 0.0000000 0.1362579 0.0977235 0.3092311 0.4252860 0.1328087 0.4604378 0.0935291 0.1635755 0.2248174 0.3673236 0.0000000 0.3041577 0.4655173 0.2322564 0.4907598 0.3096312 0.0000000 0.4419389 0.4684742 0.4854812 0.4406128 0.4138256 0.3552717 0.3560652 0.3220443 0.3925748 0.3940252 0.4354216 0.5020004 0.5840251 0.6119408 0.6119408 0.5970662
gi|5021171 0.3712739 0.3712739 0.3683011 0.3917321 0.3810173 0.3760304 0.3757293 0.3834910 0.4028813 0.3552063 0.3672072 0.3534315 0.2779010 0.2873029 0.2937397 0.3142471 0.3241555 0.2977620 0.1617181 0.1382919 0.1672991 0.1398621 0.0934335 0.2011563 0.1362579 0.1362579 0.0000000 0.1004972 0.3366491 0.4543383 0.1886912 0.4750345 0.1415656 0.1614621 0.2222330 0.3686353 0.1362579 0.3024784 0.4620726 0.2327236 0.5071422 0.3051980 0.1362579 0.4532537 0.5057772 0.5021370 0.4893840 0.4185201 0.3548024 0.3698816 0.3426758 0.3882448 0.3900180 0.4311168 0.5111244 0.5910647 0.6151488 0.6151488 0.5923190
gi|4976778 0.3545185 0.3545185 0.3547995 0.3747248 0.3646129 0.3624059 0.3639213 0.3729185 0.3872169 0.3202935 0.3348541 0.3432040 0.2593798 0.2886097 0.2934521 0.3142376 0.3260871 0.2947608 0.1613348 0.1356598 0.1652769 0.0965433 0.1346201 0.1729243 0.0977235 0.0977235 0.1004972 0.0000000 0.3236097 0.4464674 0.1623817 0.4650996 0.0997055 0.1297405 0.1995728 0.3949616 0.0977235 0.2903077 0.4488401 0.2111919 0.4958102 0.2949410 0.0977235 0.4455703 0.4926592 0.4900424 0.4612635 0.4004393 0.3650281 0.3667722 0.3382361 0.3832791 0.3856020 0.4257033 0.4940279 0.5823140 0.6078927 0.6078927 0.5913206
gi|9391519 0.3544205 0.3544205 0.3411246 0.3681797 0.3768345 0.3527217 0.3570295 0.3508363 0.3738318 0.3865578 0.4090754 0.4397772 0.3819630 0.3017369 0.3676390 0.3844037 0.3606513 0.4044857 0.2640517 0.2842473 0.2798562 0.3252244 0.3214997 0.3111470 0.3092311 0.3092311 0.3366491 0.3236097 0.0000000 0.4338741 0.3243271 0.4366818 0.3174763 0.3404210 0.2833261 0.4080283 0.3092311 0.2930532 0.5236659 0.3053043 0.4425704 0.3058653 0.3092311 0.4590121 0.4337267 0.5109797 0.4476403 0.5004285 0.4371952 0.4337241 0.3884315 0.4244960 0.4352715 0.4400643 0.5292944 0.6535240 0.5868601 0.5868601 0.5897573
gi|1002166 0.4038913 0.4038913 0.4183164 0.4255270 0.4127442 0.4155917 0.4094767 0.4374660 0.4507485 0.4315648 0.4358738 0.4430634 0.4214049 0.3896449 0.3964461 0.4081190 0.3856816 0.4360046 0.4403382 0.4600661 0.4438842 0.4517790 0.4675364 0.4703573 0.4252860 0.4252860 0.4543383 0.4464674 0.4338741 0.0000000 0.4266942 0.5281794 0.4401570 0.4490201 0.4237984 0.4713957 0.4252860 0.4533716 0.5388567 0.4509918 0.4878503 0.4408558 0.4252860 0.5445809 0.4753607 0.6001220 0.4538730 0.5340509 0.4131533 0.3989377 0.3678348 0.4495883 0.4488766 0.5544895 0.5799725 0.6895551 0.6495126 0.6495126 0.6951936
gi|5542098 0.3536575 0.3536575 0.3499485 0.3771478 0.3502938 0.3617078 0.3591314 0.3685228 0.3886548 0.3308023 0.3440826 0.3321649 0.2277960 0.2928194 0.2760487 0.2996146 0.3126612 0.2745093 0.1600513 0.1849570 0.1782237 0.1874879 0.2096634 0.2197023 0.1328087 0.1328087 0.1886912 0.1623817 0.3243271 0.4266942 0.0000000 0.4623514 0.1606845 0.0986991 0.1925372 0.4096868 0.1328087 0.2833592 0.4613919 0.1989073 0.4902425 0.2888634 0.1328087 0.4430573 0.4741135 0.4873567 0.4611107 0.4097305 0.3890102 0.3598945 0.3275377 0.3914325 0.3928242 0.4406914 0.4942036 0.5929652 0.6138236 0.6138236 0.6035211
gi|6366656 0.3646879 0.3646879 0.3475405 0.3802496 0.3640312 0.3581707 0.3629653 0.3514846 0.3864014 0.4041246 0.4171126 0.4310363 0.3950212 0.3765385 0.3903085 0.3973668 0.3889870 0.4314368 0.4429169 0.4500977 0.4540363 0.4587104 0.4698899 0.4483413 0.4604378 0.4604378 0.4750345 0.4650996 0.4366818 0.5281794 0.4623514 0.0000000 0.4609519 0.4693486 0.4267285 0.4549230 0.4604378 0.4448135 0.5239022 0.4410547 0.3416109 0.4308565 0.4604378 0.3936071 0.4778933 0.4499646 0.4862301 0.5167173 0.4890768 0.4688862 0.4336374 0.4876039 0.4823061 0.4366703 0.5287396 0.6819416 0.5884008 0.5884008 0.6206270
gi|1062516 0.3524560 0.3524560 0.3538517 0.3722527 0.3631054 0.3603880 0.3626511 0.3720164 0.3853083 0.3171448 0.3318582 0.3407426 0.2688499 0.2877726 0.2938585 0.3145692 0.3272249 0.2993588 0.1573929 0.1632237 0.1640207 0.1368780 0.1623607 0.1461437 0.0935291 0.0935291 0.1415656 0.0997055 0.3174763 0.4401570 0.1606845 0.4609519 0.0000000 0.1639163 0.2237377 0.3934106 0.0935291 0.3071599 0.4523296 0.2335174 0.4885552 0.3120542 0.0935291 0.4400889 0.4920812 0.4849457 0.4579462 0.4055277 0.3608783 0.3643384 0.3371257 0.3924674 0.3957541 0.4356773 0.5059782 0.5869939 0.6134455 0.6134455 0.6055208
gi|3891959 0.3612951 0.3612951 0.3595289 0.3834497 0.3578033 0.3691793 0.3667867 0.3776326 0.3956194 0.3411522 0.3538519 0.3417531 0.2371581 0.3140393 0.3021554 0.3243522 0.3349966 0.3019267 0.1789306 0.1554817 0.1798317 0.1641657 0.1836935 0.2153209 0.1635755 0.1635755 0.1614621 0.1297405 0.3404210 0.4490201 0.0986991 0.4693486 0.1639163 0.0000000 0.1642690 0.4330047 0.1635755 0.2688295 0.4460083 0.1757846 0.4992015 0.2733571 0.1635755 0.4487155 0.5010089 0.4952042 0.4840042 0.3976827 0.3970632 0.3715735 0.3447296 0.3844312 0.3867018 0.4323783 0.4867225 0.5917014 0.6111912 0.6111912 0.5987084
gi|1578315 0.3387281 0.3387281 0.3376552 0.3640094 0.3326354 0.3499722 0.3457986 0.3596061 0.3767408 0.3527676 0.3677661 0.3584291 0.2645175 0.2650182 0.2672347 0.2900045 0.2730163 0.3112904 0.2389708 0.2208373 0.2327869 0.2230939 0.2416077 0.2541846 0.2248174 0.2248174 0.2222330 0.1995728 0.2833261 0.4237984 0.1925372 0.4267285 0.2237377 0.1642690 0.0000000 0.4135184 0.2248174 0.1784234 0.4428746 0.1133364 0.4611504 0.1745047 0.2248174 0.4370183 0.4930061 0.4842301 0.4757243 0.4276204 0.3863949 0.3576285 0.3231192 0.3534088 0.3571758 0.3837077 0.4668475 0.5920439 0.5915950 0.5915950 0.5857031
gi|5035417 0.3945654 0.3945654 0.3838405 0.4210595 0.4046660 0.4042711 0.3952875 0.4025895 0.4295374 0.3973742 0.4205735 0.3888922 0.3666221 0.2895544 0.2988792 0.3206056 0.3008854 0.3032573 0.3894875 0.4123207 0.4141353 0.3978539 0.3894572 0.4211212 0.3673236 0.3673236 0.3686353 0.3949616 0.4080283 0.4713957 0.4096868 0.4549230 0.3934106 0.4330047 0.4135184 0.0000000 0.3673236 0.4085047 0.5564652 0.4324166 0.4998261 0.4338682 0.3673236 0.4804852 0.3719752 0.5226206 0.3806527 0.5202339 0.3913445 0.4101256 0.3256702 0.4259006 0.4207255 0.4979735 0.4853619 0.6611254 0.6099725 0.6099725 0.5971151
gi|1009083 0.3503840 0.3503840 0.3485510 0.3719217 0.3608721 0.3583617 0.3596422 0.3669780 0.3836478 0.3129560 0.3278722 0.3354552 0.2524541 0.2656167 0.2685169 0.2905089 0.3048346 0.2685540 0.1401574 0.1691752 0.1638753 0.1308171 0.1659805 0.1797668 0.0000000 0.0000000 0.1362579 0.0977235 0.3092311 0.4252860 0.1328087 0.4604378 0.0935291 0.1635755 0.2248174 0.3673236 0.0000000 0.3041577 0.4655173 0.2322564 0.4907598 0.3096312 0.0000000 0.4419389 0.4684742 0.4854812 0.4406128 0.4138256 0.3552717 0.3560652 0.3220443 0.3925748 0.3940252 0.4354216 0.5020004 0.5840251 0.6119408 0.6119408 0.5970662
gi|1094959 0.3887675 0.3887675 0.3840710 0.4102493 0.3789035 0.3963070 0.3928485 0.4021780 0.4206632 0.3961196 0.4174985 0.4032959 0.3230130 0.3067937 0.3376393 0.3552448 0.3281266 0.3733082 0.3125570 0.3025700 0.3130829 0.2918195 0.3179865 0.3257675 0.3041577 0.3041577 0.3024784 0.2903077 0.2930532 0.4533716 0.2833592 0.4448135 0.3071599 0.2688295 0.1784234 0.4085047 0.3041577 0.0000000 0.5095570 0.2218155 0.4643038 0.1942960 0.3041577 0.4711602 0.5010891 0.5227841 0.4861112 0.4882181 0.4376374 0.4133714 0.3711446 0.3827338 0.3863667 0.3929042 0.4784005 0.6408557 0.6115577 0.6115577 0.5953674
gi|1011526 0.2848884 0.2848884 0.3179005 0.2979335 0.2931405 0.3101238 0.2979724 0.3494608 0.3280679 0.3448542 0.3434406 0.3545396 0.4112853 0.4535950 0.4421621 0.4573525 0.4604548 0.4527269 0.4559411 0.4415965 0.4402105 0.4540503 0.4559234 0.4424072 0.4655173 0.4655173 0.4620726 0.4488401 0.5236659 0.5388567 0.4613919 0.5239022 0.4523296 0.4460083 0.4428746 0.5564652 0.4655173 0.5095570 0.0000000 0.4411807 0.5095099 0.5250861 0.4655173 0.4290845 0.5901305 0.4473728 0.5484171 0.2112276 0.4523915 0.4342949 0.4462601 0.4474388 0.4491190 0.5637799 0.6278599 0.6377816 0.6442745 0.6442745 0.6722466
gi|1147936 0.3511577 0.3511577 0.3486974 0.3750842 0.3451538 0.3620159 0.3554520 0.3699932 0.3855460 0.3545923 0.3699196 0.3594404 0.2625034 0.2855718 0.2756578 0.2976532 0.2908826 0.3126630 0.2413908 0.2265042 0.2333853 0.2292615 0.2485241 0.2632526 0.2322564 0.2322564 0.2327236 0.2111919 0.3053043 0.4509918 0.1989073 0.4410547 0.2335174 0.1757846 0.1133364 0.4324166 0.2322564 0.2218155 0.4411807 0.0000000 0.4779805 0.2227032 0.2322564 0.4399131 0.5046664 0.4775567 0.4925019 0.4160435 0.3809242 0.3476332 0.3258400 0.3379578 0.3415216 0.3908626 0.4810858 0.5826671 0.5985784 0.5985784 0.6054402
gi|6366656 0.3698303 0.3698303 0.3665502 0.3792669 0.3702880 0.3697854 0.3732327 0.3761962 0.3882909 0.4098390 0.4258045 0.4410113 0.4313894 0.4316616 0.4394114 0.4479811 0.4305571 0.4650974 0.4737975 0.4793576 0.4824755 0.4829197 0.5009457 0.4768506 0.4907598 0.4907598 0.5071422 0.4958102 0.4425704 0.4878503 0.4902425 0.3416109 0.4885552 0.4992015 0.4611504 0.4998261 0.4907598 0.4643038 0.5095099 0.4779805 0.0000000 0.4713223 0.4907598 0.4171206 0.5126640 0.4804228 0.5075736 0.4996638 0.5016680 0.4828743 0.4389621 0.4797909 0.4763071 0.4910428 0.5586146 0.6976365 0.6073082 0.6073082 0.6415653
gi|1578301 0.4033776 0.4033776 0.3916773 0.4350520 0.3974151 0.4021305 0.4015859 0.4010039 0.4487855 0.4227033 0.4475647 0.4294400 0.3352978 0.3072275 0.3257581 0.3437933 0.3085668 0.3797592 0.3201351 0.3093325 0.3213200 0.3038810 0.3234900 0.3333194 0.3096312 0.3096312 0.3051980 0.2949410 0.3058653 0.4408558 0.2888634 0.4308565 0.3120542 0.2733571 0.1745047 0.4338682 0.3096312 0.1942960 0.5250861 0.2227032 0.4713223 0.0000000 0.3096312 0.4841441 0.5217130 0.5374938 0.5104501 0.5153419 0.4320328 0.4088234 0.3709959 0.3986881 0.4025801 0.3833351 0.4890227 0.6278391 0.6140848 0.6140848 0.6021578
gi|1130619 0.3503840 0.3503840 0.3485510 0.3719217 0.3608721 0.3583617 0.3596422 0.3669780 0.3836478 0.3129560 0.3278722 0.3354552 0.2524541 0.2656167 0.2685169 0.2905089 0.3048346 0.2685540 0.1401574 0.1691752 0.1638753 0.1308171 0.1659805 0.1797668 0.0000000 0.0000000 0.1362579 0.0977235 0.3092311 0.4252860 0.1328087 0.4604378 0.0935291 0.1635755 0.2248174 0.3673236 0.0000000 0.3041577 0.4655173 0.2322564 0.4907598 0.3096312 0.0000000 0.4419389 0.4684742 0.4854812 0.4406128 0.4138256 0.3552717 0.3560652 0.3220443 0.3925748 0.3940252 0.4354216 0.5020004 0.5840251 0.6119408 0.6119408 0.5970662
gi|6366656 0.3138864 0.3138864 0.2990867 0.3145348 0.3134600 0.3046203 0.3046777 0.3035623 0.3180848 0.3610156 0.3705204 0.3859458 0.3942277 0.4012875 0.4116417 0.4186796 0.4283183 0.4248721 0.4203088 0.4265038 0.4263163 0.4431581 0.4419465 0.4303106 0.4419389 0.4419389 0.4532537 0.4455703 0.4590121 0.5445809 0.4430573 0.3936071 0.4400889 0.4487155 0.4370183 0.4804852 0.4419389 0.4711602 0.4290845 0.4399131 0.4171206 0.4841441 0.4419389 0.0000000 0.5272718 0.3118459 0.5158284 0.4394928 0.4759284 0.4587341 0.4216318 0.4539855 0.4475760 0.4571556 0.5421546 0.6652107 0.6081401 0.6081401 0.5974253
gi|1011526 0.3940752 0.3940752 0.3849593 0.4116789 0.4082459 0.3993418 0.3941904 0.4000341 0.4232229 0.4090701 0.4338365 0.4460346 0.4262004 0.4016334 0.4079469 0.4232780 0.4180052 0.4070440 0.4549774 0.4810334 0.4780958 0.4965649 0.5015881 0.5010792 0.4684742 0.4684742 0.5057772 0.4926592 0.4337267 0.4753607 0.4741135 0.4778933 0.4920812 0.5010089 0.4930061 0.3719752 0.4684742 0.5010891 0.5901305 0.5046664 0.5126640 0.5217130 0.4684742 0.5272718 0.0000000 0.5516759 0.2052317 0.5459969 0.4887668 0.4643011 0.3819981 0.4792744 0.4718015 0.5855582 0.4925249 0.7143896 0.5951284 0.5951284 0.5903463
gi|3399611 0.3579746 0.3579746 0.3593409 0.3722659 0.3589642 0.3671379 0.3537465 0.3770779 0.3796423 0.4037441 0.4225202 0.4265143 0.4521403 0.4504277 0.4537819 0.4518526 0.4798705 0.4618373 0.4682007 0.4759974 0.4698886 0.4934263 0.4947796 0.4770196 0.4854812 0.4854812 0.5021370 0.4900424 0.5109797 0.6001220 0.4873567 0.4499646 0.4849457 0.4952042 0.4842301 0.5226206 0.4854812 0.5227841 0.4473728 0.4775567 0.4804228 0.5374938 0.4854812 0.3118459 0.5516759 0.0000000 0.5478706 0.4625455 0.5230762 0.5042411 0.4669001 0.4997452 0.4839032 0.5102857 0.5756468 0.7003756 0.6254960 0.6254960 0.5982635
gi|1011534 0.3776736 0.3776736 0.3873096 0.3989671 0.3898646 0.3936641 0.3869542 0.4110778 0.4211373 0.3271741 0.3579939 0.3864196 0.4143790 0.4095262 0.3999611 0.4163741 0.4130009 0.3930243 0.4566965 0.4781115 0.4748535 0.4633025 0.4834472 0.4506744 0.4406128 0.4406128 0.4893840 0.4612635 0.4476403 0.4538730 0.4611107 0.4862301 0.4579462 0.4840042 0.4757243 0.3806527 0.4406128 0.4861112 0.5484171 0.4925019 0.5075736 0.5104501 0.4406128 0.5158284 0.2052317 0.5478706 0.0000000 0.5070472 0.4442484 0.4243248 0.3573633 0.4489090 0.4419395 0.5684899 0.4725946 0.6818700 0.5890042 0.5890042 0.5906024
gi|1011534 0.3114528 0.3114528 0.3406248 0.3143038 0.3199316 0.3274143 0.3247575 0.3642061 0.3418937 0.2683259 0.2971681 0.2800205 0.3446187 0.4360618 0.4152884 0.4321431 0.4462473 0.4030435 0.4077110 0.3970612 0.3993472 0.3948057 0.4128811 0.3972612 0.4138256 0.4138256 0.4185201 0.4004393 0.5004285 0.5340509 0.4097305 0.5167173 0.4055277 0.3976827 0.4276204 0.5202339 0.4138256 0.4882181 0.2112276 0.4160435 0.4996638 0.5153419 0.4138256 0.4394928 0.5459969 0.4625455 0.5070472 0.0000000 0.4319176 0.4084446 0.4157687 0.4266707 0.4265769 0.5488735 0.6084520 0.6131789 0.6301039 0.6301039 0.6486985
gi|1188287 0.3672965 0.3672965 0.3748597 0.3950312 0.3743292 0.3831034 0.3716885 0.3987708 0.4145329 0.3506758 0.3578845 0.3256771 0.3575978 0.3588136 0.3086296 0.3187421 0.3336871 0.3445296 0.3740670 0.3848033 0.3780183 0.3783222 0.3507089 0.3599135 0.3552717 0.3552717 0.3548024 0.3650281 0.4371952 0.4131533 0.3890102 0.4890768 0.3608783 0.3970632 0.3863949 0.3913445 0.3552717 0.4376374 0.4523915 0.3809242 0.5016680 0.4320328 0.3552717 0.4759284 0.4887668 0.5230762 0.4442484 0.4319176 0.0000000 0.1346302 0.2489558 0.2981791 0.2985943 0.5007350 0.5496709 0.5694842 0.6142606 0.6142606 0.6409625
gi|1188286 0.3422645 0.3422645 0.3518038 0.3724310 0.3354303 0.3623390 0.3473487 0.3797989 0.3933045 0.3264459 0.3356535 0.2910407 0.3097002 0.3550502 0.2694301 0.2849146 0.2996150 0.3130033 0.3723478 0.3849859 0.3759544 0.3797177 0.3642716 0.3671138 0.3560652 0.3560652 0.3698816 0.3667722 0.4337241 0.3989377 0.3598945 0.4688862 0.3643384 0.3715735 0.3576285 0.4101256 0.3560652 0.4133714 0.4342949 0.3476332 0.4828743 0.4088234 0.3560652 0.4587341 0.4643011 0.5042411 0.4243248 0.4084446 0.1346302 0.0000000 0.2070281 0.2688657 0.2689577 0.4920515 0.5273449 0.5645378 0.6024878 0.6024878 0.6364837
gi|8511881 0.3106350 0.3106350 0.3138385 0.3437962 0.3023251 0.3333525 0.3155181 0.3451457 0.3598314 0.3027776 0.3219665 0.2873025 0.2688358 0.2795108 0.2114331 0.2370121 0.2236442 0.2254385 0.3460621 0.3607363 0.3546836 0.3493472 0.3535458 0.3619488 0.3220443 0.3220443 0.3426758 0.3382361 0.3884315 0.3678348 0.3275377 0.4336374 0.3371257 0.3447296 0.3231192 0.3256702 0.3220443 0.3711446 0.4462601 0.3258400 0.4389621 0.3709959 0.3220443 0.4216318 0.3819981 0.4669001 0.3573633 0.4157687 0.2489558 0.2070281 0.0000000 0.2380632 0.2389886 0.4563359 0.4583275 0.5321053 0.5713275 0.5713275 0.5786652
gi|4963623 0.3606933 0.3606933 0.3670738 0.3834526 0.3528486 0.3754776 0.3624256 0.3908328 0.4003505 0.3567022 0.3789307 0.3368651 0.3413153 0.3691744 0.3402993 0.3549190 0.3469377 0.3384139 0.4046083 0.3977447 0.3884243 0.3906736 0.3913891 0.4056118 0.3925748 0.3925748 0.3882448 0.3832791 0.4244960 0.4495883 0.3914325 0.4876039 0.3924674 0.3844312 0.3534088 0.4259006 0.3925748 0.3827338 0.4474388 0.3379578 0.4797909 0.3986881 0.3925748 0.4539855 0.4792744 0.4997452 0.4489090 0.4266707 0.2981791 0.2688657 0.2380632 0.0000000 0.0945528 0.4690141 0.4953913 0.5691348 0.5808153 0.5808153 0.5890775
gi|5035033 0.3596065 0.3596065 0.3657831 0.3830231 0.3516020 0.3753740 0.3609278 0.3905245 0.3994120 0.3544099 0.3778943 0.3341002 0.3406536 0.3562737 0.3405882 0.3523257 0.3474242 0.3377422 0.4052040 0.3991595 0.3895027 0.3926929 0.3927878 0.4099627 0.3940252 0.3940252 0.3900180 0.3856020 0.4352715 0.4488766 0.3928242 0.4823061 0.3957541 0.3867018 0.3571758 0.4207255 0.3940252 0.3863667 0.4491190 0.3415216 0.4763071 0.4025801 0.3940252 0.4475760 0.4718015 0.4839032 0.4419395 0.4265769 0.2985943 0.2689577 0.2389886 0.0945528 0.0000000 0.4675647 0.4903942 0.5750967 0.5689553 0.5689553 0.5878325
gi|1227483 0.4606032 0.4606032 0.4452072 0.4733655 0.4598396 0.4559974 0.4597597 0.4498438 0.4750474 0.4628213 0.4788915 0.4776451 0.4184462 0.3901440 0.4222022 0.4428517 0.4114718 0.4544508 0.4326016 0.4272552 0.4367766 0.4244266 0.4349189 0.4368429 0.4354216 0.4354216 0.4311168 0.4257033 0.4400643 0.5544895 0.4406914 0.4366703 0.4356773 0.4323783 0.3837077 0.4979735 0.4354216 0.3929042 0.5637799 0.3908626 0.4910428 0.3833351 0.4354216 0.4571556 0.5855582 0.5102857 0.5684899 0.5488735 0.5007350 0.4920515 0.4563359 0.4690141 0.4675647 0.0000000 0.5644675 0.6382714 0.6416893 0.6416893 0.6145585
gi|913749| 0.4994474 0.4994474 0.4974191 0.5250847 0.4922557 0.5100813 0.4873646 0.5150028 0.5378182 0.4919341 0.5087577 0.5038071 0.4683944 0.4723931 0.4695026 0.4801598 0.4867356 0.4695342 0.5181178 0.5118202 0.5224360 0.5012317 0.5234841 0.5157955 0.5020004 0.5020004 0.5111244 0.4940279 0.5292944 0.5799725 0.4942036 0.5287396 0.5059782 0.4867225 0.4668475 0.4853619 0.5020004 0.4784005 0.6278599 0.4810858 0.5586146 0.4890227 0.5020004 0.5421546 0.4925249 0.5756468 0.4725946 0.6084520 0.5496709 0.5273449 0.4583275 0.4953913 0.4903942 0.5644675 0.0000000 0.7704464 0.6679668 0.6679668 0.5886298
gi|5838477 0.6219463 0.6219463 0.6124624 0.6360700 0.6238581 0.6266330 0.6223284 0.6234479 0.6358369 0.5900037 0.5933761 0.6050653 0.5626181 0.5727901 0.5453677 0.5527882 0.5464962 0.5261353 0.5892751 0.5879656 0.5897555 0.5988832 0.5862183 0.5784858 0.5840251 0.5840251 0.5910647 0.5823140 0.6535240 0.6895551 0.5929652 0.6819416 0.5869939 0.5917014 0.5920439 0.6611254 0.5840251 0.6408557 0.6377816 0.5826671 0.6976365 0.6278391 0.5840251 0.6652107 0.7143896 0.7003756 0.6818700 0.6131789 0.5694842 0.5645378 0.5321053 0.5691348 0.5750967 0.6382714 0.7704464 0.0000000 0.7633669 0.7633669 0.7474642
gi|9280631 0.5626788 0.5626788 0.5575725 0.5683061 0.5655105 0.5604321 0.5564499 0.5612756 0.5731588 0.5698644 0.5871723 0.5877950 0.5909168 0.5819221 0.5897804 0.6005318 0.5977489 0.6047477 0.5966034 0.5950830 0.5977573 0.6126624 0.6051237 0.5968987 0.6119408 0.6119408 0.6151488 0.6078927 0.5868601 0.6495126 0.6138236 0.5884008 0.6134455 0.6111912 0.5915950 0.6099725 0.6119408 0.6115577 0.6442745 0.5985784 0.6073082 0.6140848 0.6119408 0.6081401 0.5951284 0.6254960 0.5890042 0.6301039 0.6142606 0.6024878 0.5713275 0.5808153 0.5689553 0.6416893 0.6679668 0.7633669 0.0000000 0.0000000 0.6843902
gi|9280807 0.5626788 0.5626788 0.5575725 0.5683061 0.5655105 0.5604321 0.5564499 0.5612756 0.5731588 0.5698644 0.5871723 0.5877950 0.5909168 0.5819221 0.5897804 0.6005318 0.5977489 0.6047477 0.5966034 0.5950830 0.5977573 0.6126624 0.6051237 0.5968987 0.6119408 0.6119408 0.6151488 0.6078927 0.5868601 0.6495126 0.6138236 0.5884008 0.6134455 0.6111912 0.5915950 0.6099725 0.6119408 0.6115577 0.6442745 0.5985784 0.6073082 0.6140848 0.6119408 0.6081401 0.5951284 0.6254960 0.5890042 0.6301039 0.6142606 0.6024878 0.5713275 0.5808153 0.5689553 0.6416893 0.6679668 0.7633669 0.0000000 0.0000000 0.6843902
gi|1176623 0.5862865 0.5862865 0.5801613 0.6027622 0.5891558 0.5878546 0.5765775 0.5893861 0.6100845 0.5872870 0.6141076 0.6023278 0.5776141 0.5762759 0.5931975 0.5909165 0.6067855 0.5858001 0.5807787 0.5776407 0.5734014 0.5888387 0.5841293 0.5898910 0.5970662 0.5970662 0.5923190 0.5913206 0.5897573 0.6951936 0.6035211 0.6206270 0.6055208 0.5987084 0.5857031 0.5971151 0.5970662 0.5953674 0.6722466 0.6054402 0.6415653 0.6021578 0.5970662 0.5974253 0.5903463 0.5982635 0.5906024 0.6486985 0.6409625 0.6364837 0.5786652 0.5890775 0.5878325 0.6145585 0.5886298 0.7474642 0.6843902 0.6843902 0.0000000
