   59
gi|7353547 0.0000000 0.0000000 0.0018365 0.0025253 0.0013997 0.0025253 0.0048209 0.0071166 0.0089532 0.0037092 0.0046560 0.0121015 0.0145772 0.0211574 0.0147014 0.0156416 0.0128794 0.0164425 0.0166581 0.0218072 0.0156593 0.0271931 0.0233978 0.0159922 0.0159404 0.0159404 0.0212893 0.0210896 0.0344624 0.0507529 0.0205466 0.0465208 0.0203276 0.0247732 0.0267285 0.0410657 0.0159404 0.0402164 0.0228738 0.0376913 0.0568274 0.0352399 0.0159404 0.0388751 0.0525239 0.0568561 0.0472538 0.0263309 0.0176745 0.0199159 0.0267582 0.0441426 0.0435507 0.1853636 0.0734484 0.1709785 0.2054104 0.2054104 0.4111570
gi|4995962 0.0000000 0.0000000 0.0018365 0.0025253 0.0013997 0.0025253 0.0048209 0.0071166 0.0089532 0.0037092 0.0046560 0.0121015 0.0145772 0.0211574 0.0147014 0.0156416 0.0128794 0.0164425 0.0166581 0.0218072 0.0156593 0.0271931 0.0233978 0.0159922 0.0159404 0.0159404 0.0212893 0.0210896 0.0344624 0.0507529 0.0205466 0.0465208 0.0203276 0.0247732 0.0267285 0.0410657 0.0159404 0.0402164 0.0228738 0.0376913 0.0568274 0.0352399 0.0159404 0.0388751 0.0525239 0.0568561 0.0472538 0.0263309 0.0176745 0.0199159 0.0267582 0.0441426 0.0435507 0.1853636 0.0734484 0.1709785 0.2054104 0.2054104 0.4111570
gi|6168025 0.0018365 0.0018365 0.0000000 0.0039027 0.0021061 0.0016070 0.0048209 0.0025253 0.0089532 0.0020846 0.0030313 0.0089101 0.0183406 0.0298885 0.0196352 0.0205754 0.0185340 0.0224035 0.0214073 0.0265564 0.0204085 0.0286279 0.0262531 0.0155331 0.0187957 0.0187957 0.0260385 0.0239448 0.0409370 0.0596982 0.0238132 0.0532877 0.0222359 0.0280399 0.0309715 0.0462513 0.0187957 0.0448078 0.0182238 0.0435017 0.0645268 0.0374864 0.0187957 0.0442435 0.0612874 0.0561638 0.0500884 0.0225780 0.0237810 0.0243360 0.0322056 0.0526717 0.0510525 0.1935625 0.0899233 0.1553679 0.1967928 0.1967928 0.4113866
gi|6168024 0.0025253 0.0025253 0.0039027 0.0000000 0.0020884 0.0032140 0.0087236 0.0073462 0.0027548 0.0071951 0.0058109 0.0162676 0.0157627 0.0228396 0.0112812 0.0127350 0.0093150 0.0135359 0.0197142 0.0258103 0.0182419 0.0307227 0.0269274 0.0171544 0.0185231 0.0185231 0.0248189 0.0246192 0.0366919 0.0514416 0.0212353 0.0500067 0.0229102 0.0264555 0.0263723 0.0358127 0.0185231 0.0414368 0.0293652 0.0373350 0.0528541 0.0380931 0.0185231 0.0311722 0.0479425 0.0547476 0.0420136 0.0349248 0.0168480 0.0175229 0.0243652 0.0427769 0.0421849 0.1730653 0.0643332 0.1777278 0.2014371 0.2014371 0.3953168
gi|1578337 0.0013997 0.0013997 0.0021061 0.0020884 0.0000000 0.0010360 0.0053801 0.0044972 0.0084387 0.0059172 0.0063905 0.0095225 0.0167290 0.0279254 0.0121169 0.0135312 0.0118838 0.0138184 0.0203550 0.0265750 0.0192470 0.0329151 0.0270219 0.0183343 0.0198705 0.0198705 0.0263121 0.0260905 0.0412730 0.0599370 0.0218807 0.0539645 0.0248622 0.0272308 0.0302700 0.0410690 0.0198705 0.0464838 0.0275563 0.0437567 0.0608284 0.0392522 0.0198705 0.0395266 0.0547814 0.0525444 0.0484269 0.0333113 0.0184533 0.0171022 0.0227593 0.0482825 0.0479908 0.1929806 0.0778211 0.1566012 0.1972041 0.1972041 0.4164771
gi|6168025 0.0025253 0.0025253 0.0016070 0.0032140 0.0010360 0.0000000 0.0041322 0.0018365 0.0101010 0.0052103 0.0052246 0.0106601 0.0200906 0.0301482 0.0170321 0.0184859 0.0155254 0.0187732 0.0227847 0.0288808 0.0217859 0.0309523 0.0295244 0.0178575 0.0206466 0.0206466 0.0288364 0.0267427 0.0424428 0.0613368 0.0250665 0.0531500 0.0245602 0.0302866 0.0315652 0.0418355 0.0206466 0.0465839 0.0242756 0.0440954 0.0601932 0.0366993 0.0206466 0.0408423 0.0570653 0.0550937 0.0478427 0.0302136 0.0226331 0.0222466 0.0260072 0.0505822 0.0489630 0.1954810 0.0846162 0.1515938 0.1958392 0.1958392 0.4058770
gi|6168045 0.0048209 0.0048209 0.0048209 0.0087236 0.0053801 0.0041322 0.0000000 0.0068871 0.0179063 0.0072234 0.0072377 0.0154246 0.0233648 0.0314353 0.0243394 0.0252796 0.0228958 0.0255668 0.0278208 0.0334435 0.0268221 0.0345680 0.0355076 0.0238406 0.0252093 0.0252093 0.0333991 0.0308319 0.0466684 0.0626667 0.0318180 0.0523659 0.0286494 0.0365414 0.0386423 0.0518014 0.0252093 0.0523594 0.0262392 0.0501275 0.0664022 0.0422090 0.0252093 0.0531119 0.0671863 0.0547758 0.0592812 0.0304532 0.0281428 0.0295538 0.0343417 0.0548078 0.0531886 0.2296703 0.0874521 0.1540731 0.2083418 0.2083418 0.4368687
gi|6168046 0.0071166 0.0071166 0.0025253 0.0073462 0.0044972 0.0018365 0.0068871 0.0000000 0.0128558 0.0063404 0.0063548 0.0102235 0.0266088 0.0416341 0.0247207 0.0261745 0.0239349 0.0274890 0.0302887 0.0363848 0.0292899 0.0351419 0.0351345 0.0201531 0.0262567 0.0262567 0.0363404 0.0323528 0.0516722 0.0730369 0.0310879 0.0626718 0.0292233 0.0363081 0.0385631 0.0497758 0.0262567 0.0539301 0.0223805 0.0526607 0.0706474 0.0417006 0.0262567 0.0489655 0.0685837 0.0571563 0.0534322 0.0292155 0.0314945 0.0294216 0.0342095 0.0618661 0.0592197 0.2064347 0.1038459 0.1387379 0.1899764 0.1899764 0.4088613
gi|6168024 0.0089532 0.0089532 0.0089532 0.0027548 0.0084387 0.0101010 0.0179063 0.0128558 0.0000000 0.0121467 0.0093639 0.0232751 0.0197895 0.0288536 0.0150555 0.0165093 0.0133506 0.0188510 0.0259843 0.0320804 0.0240385 0.0365193 0.0317771 0.0205836 0.0238462 0.0238462 0.0301421 0.0299423 0.0420070 0.0550830 0.0252621 0.0582217 0.0277598 0.0304823 0.0300137 0.0395668 0.0238462 0.0454724 0.0343962 0.0409765 0.0578057 0.0463248 0.0238462 0.0314618 0.0521745 0.0583006 0.0436106 0.0404743 0.0217608 0.0218108 0.0327620 0.0480920 0.0475000 0.1634398 0.0651164 0.1928426 0.2030088 0.2030088 0.3895776
gi|4995965 0.0037092 0.0037092 0.0020846 0.0071951 0.0059172 0.0052103 0.0072234 0.0063404 0.0121467 0.0000000 0.0028402 0.0098679 0.0175788 0.0297839 0.0250384 0.0248881 0.0231492 0.0262184 0.0213388 0.0246741 0.0192692 0.0247642 0.0246403 0.0140296 0.0189312 0.0189312 0.0244112 0.0222665 0.0364630 0.0601084 0.0262613 0.0546746 0.0200767 0.0285849 0.0315024 0.0429671 0.0189312 0.0404753 0.0159889 0.0444586 0.0691124 0.0361837 0.0189312 0.0506509 0.0533613 0.0674556 0.0423245 0.0144998 0.0272896 0.0300237 0.0346377 0.0486876 0.0468314 0.1954067 0.0890707 0.1644118 0.2040680 0.2040680 0.4073647
gi|5660469 0.0046560 0.0046560 0.0030313 0.0058109 0.0063905 0.0052246 0.0072377 0.0063548 0.0093639 0.0028402 0.0000000 0.0143455 0.0180211 0.0282086 0.0223345 0.0227058 0.0197775 0.0245576 0.0232470 0.0275439 0.0206967 0.0257110 0.0275101 0.0140148 0.0198779 0.0198779 0.0263195 0.0241748 0.0384528 0.0552196 0.0277125 0.0508876 0.0205427 0.0310449 0.0313881 0.0433105 0.0198779 0.0425016 0.0162810 0.0416918 0.0639053 0.0365810 0.0198779 0.0454438 0.0563147 0.0636686 0.0452779 0.0174533 0.0246466 0.0278414 0.0355845 0.0454623 0.0430845 0.1991007 0.0891124 0.1628970 0.2109320 0.2109320 0.4132065
gi|1011529 0.0121015 0.0121015 0.0089101 0.0162676 0.0095225 0.0106601 0.0154246 0.0102235 0.0232751 0.0098679 0.0143455 0.0000000 0.0271432 0.0470304 0.0226760 0.0233636 0.0266775 0.0258737 0.0299147 0.0351337 0.0267969 0.0450914 0.0290942 0.0215178 0.0330005 0.0330005 0.0359742 0.0382195 0.0524819 0.0853656 0.0362806 0.0790618 0.0349736 0.0405805 0.0488020 0.0465157 0.0330005 0.0622244 0.0308085 0.0686895 0.0861585 0.0547139 0.0330005 0.0659975 0.0646597 0.0666144 0.0550375 0.0301297 0.0254247 0.0233353 0.0288642 0.0601582 0.0594989 0.2316544 0.1176075 0.1278147 0.1805476 0.1805476 0.4292423
gi|1386577 0.0145772 0.0145772 0.0183406 0.0157627 0.0167290 0.0200906 0.0233648 0.0266088 0.0197895 0.0175788 0.0180211 0.0271432 0.0000000 0.0220371 0.0138439 0.0139757 0.0138579 0.0137073 0.0204834 0.0205795 0.0158287 0.0223405 0.0247859 0.0233571 0.0174216 0.0174216 0.0183462 0.0175177 0.0342026 0.0381128 0.0166622 0.0691182 0.0178579 0.0155872 0.0224650 0.0481440 0.0174216 0.0350246 0.0438855 0.0338731 0.0736929 0.0336463 0.0174216 0.0479833 0.0511524 0.0662547 0.0543598 0.0380051 0.0187598 0.0161703 0.0267006 0.0279862 0.0278826 0.1678467 0.0546264 0.1952482 0.2456356 0.2456356 0.4148278
gi|4992873 0.0211574 0.0211574 0.0298885 0.0228396 0.0279254 0.0301482 0.0314353 0.0416341 0.0288536 0.0297839 0.0282086 0.0470304 0.0220371 0.0000000 0.0237920 0.0233682 0.0148952 0.0281011 0.0179975 0.0206550 0.0148797 0.0254898 0.0258861 0.0208712 0.0185218 0.0185218 0.0179095 0.0211793 0.0158096 0.0120260 0.0290245 0.0359261 0.0179335 0.0306369 0.0201204 0.0285414 0.0185218 0.0251329 0.0454980 0.0185269 0.0304125 0.0270620 0.0185218 0.0294192 0.0385097 0.0754334 0.0445681 0.0446068 0.0165471 0.0322313 0.0388715 0.0190402 0.0167138 0.1349158 0.0456313 0.2296475 0.2220274 0.2220274 0.3113732
gi|5035429 0.0147014 0.0147014 0.0196352 0.0112812 0.0121169 0.0170321 0.0243394 0.0247207 0.0150555 0.0250384 0.0223345 0.0226760 0.0138439 0.0237920 0.0000000 0.0028727 0.0024585 0.0037346 0.0271025 0.0346833 0.0220831 0.0463689 0.0353991 0.0271108 0.0287122 0.0287122 0.0324239 0.0362929 0.0405056 0.0501273 0.0251767 0.0685927 0.0324653 0.0319546 0.0322662 0.0326103 0.0287122 0.0501237 0.0552421 0.0445750 0.0606938 0.0480403 0.0287122 0.0320347 0.0474228 0.0534608 0.0529497 0.0576516 0.0069918 0.0040218 0.0143637 0.0301637 0.0313128 0.1787477 0.0574801 0.1739220 0.2135714 0.2135714 0.4003647
gi|1386580 0.0156416 0.0156416 0.0205754 0.0127350 0.0135312 0.0184859 0.0252796 0.0261745 0.0165093 0.0248881 0.0227058 0.0233636 0.0139757 0.0233682 0.0028727 0.0000000 0.0029121 0.0037346 0.0258277 0.0323492 0.0223973 0.0435051 0.0325354 0.0263656 0.0279670 0.0279670 0.0300898 0.0344885 0.0376329 0.0442134 0.0253086 0.0673994 0.0301312 0.0309750 0.0321969 0.0326441 0.0279670 0.0499826 0.0542153 0.0445057 0.0589790 0.0472195 0.0279670 0.0344920 0.0418647 0.0496599 0.0466547 0.0557781 0.0093188 0.0068946 0.0149382 0.0272910 0.0307383 0.1845855 0.0585109 0.1738760 0.2208527 0.2208527 0.3920598
gi|5035416 0.0128794 0.0128794 0.0185340 0.0093150 0.0118838 0.0155254 0.0228958 0.0239349 0.0133506 0.0231492 0.0197775 0.0266775 0.0138579 0.0148952 0.0024585 0.0029121 0.0000000 0.0043888 0.0194387 0.0262575 0.0162220 0.0348581 0.0281721 0.0202182 0.0205651 0.0205651 0.0239703 0.0273840 0.0294370 0.0360249 0.0206379 0.0570784 0.0229337 0.0266163 0.0230547 0.0264154 0.0205651 0.0384734 0.0500121 0.0314877 0.0471667 0.0360091 0.0205651 0.0272269 0.0374085 0.0579670 0.0423665 0.0528215 0.0064781 0.0077000 0.0142720 0.0236008 0.0237117 0.1617252 0.0489472 0.1837641 0.2175630 0.2175630 0.3672484
gi|5838482 0.0164425 0.0164425 0.0224035 0.0135359 0.0138184 0.0187732 0.0255668 0.0274890 0.0188510 0.0262184 0.0245576 0.0258737 0.0137073 0.0281011 0.0037346 0.0037346 0.0043888 0.0000000 0.0266446 0.0336958 0.0242736 0.0443221 0.0360006 0.0314199 0.0282543 0.0282543 0.0319661 0.0353054 0.0436656 0.0561898 0.0239287 0.0812460 0.0314778 0.0301509 0.0342375 0.0382487 0.0282543 0.0532434 0.0653212 0.0494686 0.0749116 0.0505334 0.0282543 0.0467740 0.0436258 0.0708077 0.0521004 0.0641715 0.0129959 0.0071818 0.0112037 0.0356219 0.0361965 0.1963740 0.0498251 0.1904345 0.2426523 0.2426523 0.4300975
gi|5021144 0.0166581 0.0166581 0.0214073 0.0197142 0.0203550 0.0227847 0.0278208 0.0302887 0.0259843 0.0213388 0.0232470 0.0299147 0.0204834 0.0179975 0.0271025 0.0258277 0.0194387 0.0266446 0.0000000 0.0014648 0.0017090 0.0102539 0.0036621 0.0092773 0.0026855 0.0026855 0.0019531 0.0041504 0.0129812 0.0373439 0.0078860 0.0613240 0.0053711 0.0082471 0.0088622 0.0414624 0.0026855 0.0182171 0.0412234 0.0168698 0.0622337 0.0170599 0.0026855 0.0543047 0.0404360 0.0910503 0.0424740 0.0387819 0.0209028 0.0276142 0.0251634 0.0378932 0.0347332 0.1477200 0.0652574 0.1841500 0.2316938 0.2316938 0.3671229
gi|5027183 0.0218072 0.0218072 0.0265564 0.0258103 0.0265750 0.0288808 0.0334435 0.0363848 0.0320804 0.0246741 0.0275439 0.0351337 0.0205795 0.0206550 0.0346833 0.0323492 0.0262575 0.0336958 0.0014648 0.0000000 0.0026855 0.0073242 0.0021973 0.0112305 0.0041504 0.0041504 0.0004883 0.0026855 0.0147357 0.0364684 0.0105435 0.0632170 0.0053711 0.0078309 0.0101419 0.0462495 0.0041504 0.0173605 0.0425947 0.0176106 0.0650883 0.0167809 0.0041504 0.0619670 0.0425589 0.0977510 0.0439176 0.0381875 0.0272830 0.0351950 0.0327442 0.0385884 0.0354284 0.1446508 0.0678998 0.1946969 0.2363512 0.2363512 0.3630391
gi|5053946 0.0156593 0.0156593 0.0204085 0.0182419 0.0192470 0.0217859 0.0268221 0.0292899 0.0240385 0.0192692 0.0206967 0.0267969 0.0158287 0.0148797 0.0220831 0.0223973 0.0162220 0.0242736 0.0017090 0.0026855 0.0000000 0.0104980 0.0043945 0.0065918 0.0043945 0.0043945 0.0026855 0.0053711 0.0106101 0.0342880 0.0098911 0.0558890 0.0056152 0.0097400 0.0085002 0.0322473 0.0043945 0.0155487 0.0366886 0.0159690 0.0558372 0.0153510 0.0043945 0.0469467 0.0343112 0.0836923 0.0363493 0.0326572 0.0160688 0.0236541 0.0227923 0.0270476 0.0244172 0.1432209 0.0630888 0.1765035 0.2209704 0.2209704 0.3533401
gi|1427799 0.0271931 0.0271931 0.0286279 0.0307227 0.0329151 0.0309523 0.0345680 0.0351419 0.0365193 0.0247642 0.0257110 0.0450914 0.0223405 0.0254898 0.0463689 0.0435051 0.0348581 0.0443221 0.0102539 0.0073242 0.0104980 0.0000000 0.0124512 0.0122070 0.0056152 0.0056152 0.0068359 0.0026855 0.0174171 0.0337071 0.0153783 0.0637879 0.0029297 0.0111288 0.0095357 0.0527216 0.0056152 0.0133515 0.0358211 0.0137717 0.0695054 0.0081314 0.0056152 0.0649418 0.0484183 0.1036104 0.0436629 0.0297805 0.0409549 0.0489993 0.0444298 0.0386215 0.0328132 0.1426977 0.0746783 0.1943063 0.2560327 0.2560327 0.3475917
gi|5043250 0.0233978 0.0233978 0.0262531 0.0269274 0.0270219 0.0295244 0.0355076 0.0351345 0.0317771 0.0246403 0.0275101 0.0290942 0.0247859 0.0258861 0.0353991 0.0325354 0.0281721 0.0360006 0.0036621 0.0021973 0.0043945 0.0124512 0.0000000 0.0095215 0.0087891 0.0087891 0.0026855 0.0073242 0.0202185 0.0439694 0.0162868 0.0665486 0.0090332 0.0135742 0.0171041 0.0443586 0.0087891 0.0247575 0.0407299 0.0261892 0.0650545 0.0240703 0.0087891 0.0667409 0.0451171 0.0977172 0.0430791 0.0373489 0.0266482 0.0353812 0.0355787 0.0430119 0.0398519 0.1552884 0.0822467 0.1856246 0.2173271 0.2173271 0.3572907
gi|1062516 0.0159922 0.0159922 0.0155331 0.0171544 0.0183343 0.0178575 0.0238406 0.0201531 0.0205836 0.0140296 0.0140148 0.0215178 0.0233571 0.0208712 0.0271108 0.0263656 0.0202182 0.0314199 0.0092773 0.0112305 0.0065918 0.0122070 0.0095215 0.0000000 0.0090332 0.0090332 0.0102539 0.0109863 0.0156378 0.0401558 0.0179318 0.0525725 0.0063477 0.0188052 0.0132904 0.0271491 0.0090332 0.0184484 0.0215779 0.0202204 0.0515591 0.0146185 0.0090332 0.0465148 0.0368057 0.0774911 0.0272948 0.0208853 0.0234093 0.0323894 0.0320573 0.0315455 0.0267966 0.1536492 0.0837259 0.1515523 0.1946971 0.1946971 0.3224230
gi|1381585 0.0159404 0.0159404 0.0187957 0.0185231 0.0198705 0.0206466 0.0252093 0.0262567 0.0238462 0.0189312 0.0198779 0.0330005 0.0174216 0.0185218 0.0287122 0.0279670 0.0205651 0.0282543 0.0026855 0.0041504 0.0043945 0.0056152 0.0087891 0.0090332 0.0000000 0.0000000 0.0036621 0.0014648 0.0135315 0.0338670 0.0043119 0.0608394 0.0021973 0.0046731 0.0043077 0.0470394 0.0000000 0.0138612 0.0359926 0.0112377 0.0660761 0.0106774 0.0000000 0.0509356 0.0469853 0.0857581 0.0456266 0.0344617 0.0263878 0.0308128 0.0294214 0.0389732 0.0347539 0.1402214 0.0640941 0.1795309 0.2404641 0.2404641 0.3675890
gi|4976759 0.0159404 0.0159404 0.0187957 0.0185231 0.0198705 0.0206466 0.0252093 0.0262567 0.0238462 0.0189312 0.0198779 0.0330005 0.0174216 0.0185218 0.0287122 0.0279670 0.0205651 0.0282543 0.0026855 0.0041504 0.0043945 0.0056152 0.0087891 0.0090332 0.0000000 0.0000000 0.0036621 0.0014648 0.0135315 0.0338670 0.0043119 0.0608394 0.0021973 0.0046731 0.0043077 0.0470394 0.0000000 0.0138612 0.0359926 0.0112377 0.0660761 0.0106774 0.0000000 0.0509356 0.0469853 0.0857581 0.0456266 0.0344617 0.0263878 0.0308128 0.0294214 0.0389732 0.0347539 0.1402214 0.0640941 0.1795309 0.2404641 0.2404641 0.3675890
gi|5021171 0.0212893 0.0212893 0.0260385 0.0248189 0.0263121 0.0288364 0.0333991 0.0363404 0.0301421 0.0244112 0.0263195 0.0359742 0.0183462 0.0179095 0.0324239 0.0300898 0.0239703 0.0319661 0.0019531 0.0004883 0.0026855 0.0068359 0.0026855 0.0102539 0.0036621 0.0036621 0.0000000 0.0021973 0.0145950 0.0317708 0.0098471 0.0595887 0.0043945 0.0071345 0.0086770 0.0450910 0.0036621 0.0161698 0.0407975 0.0150682 0.0614600 0.0158741 0.0036621 0.0583387 0.0431321 0.0936419 0.0438115 0.0374020 0.0263390 0.0345246 0.0347221 0.0357994 0.0326394 0.1398378 0.0645967 0.1976070 0.2354874 0.2354874 0.3580231
gi|4976778 0.0210896 0.0210896 0.0239448 0.0246192 0.0260905 0.0267427 0.0308319 0.0323528 0.0299423 0.0222665 0.0241748 0.0382195 0.0175177 0.0211793 0.0362929 0.0344885 0.0273840 0.0353054 0.0041504 0.0026855 0.0053711 0.0026855 0.0073242 0.0109863 0.0014648 0.0014648 0.0021973 0.0000000 0.0152860 0.0329915 0.0069695 0.0627325 0.0021973 0.0042568 0.0055874 0.0518264 0.0014648 0.0130045 0.0373639 0.0119786 0.0689307 0.0103984 0.0014648 0.0585979 0.0491083 0.0924588 0.0470702 0.0338672 0.0327680 0.0383936 0.0370021 0.0396684 0.0354491 0.1371522 0.0667366 0.1900777 0.2451215 0.2451215 0.3635052
gi|9391519 0.0344624 0.0344624 0.0409370 0.0366919 0.0412730 0.0424428 0.0466684 0.0516722 0.0420070 0.0364630 0.0384528 0.0524819 0.0342026 0.0158096 0.0405056 0.0376329 0.0294370 0.0436656 0.0129812 0.0147357 0.0106101 0.0174171 0.0202185 0.0156378 0.0135315 0.0135315 0.0145950 0.0152860 0.0000000 0.0267095 0.0227514 0.0586353 0.0119881 0.0234164 0.0111863 0.0292587 0.0135315 0.0099004 0.0492461 0.0129749 0.0559515 0.0140189 0.0135315 0.0445023 0.0268765 0.0972192 0.0316665 0.0400530 0.0296290 0.0439529 0.0341856 0.0212583 0.0195346 0.1253558 0.0637663 0.1918134 0.2412933 0.2412933 0.2948046
gi|1002166 0.0507529 0.0507529 0.0596982 0.0514416 0.0599370 0.0613368 0.0626667 0.0730369 0.0550830 0.0601084 0.0552196 0.0853656 0.0381128 0.0120260 0.0501273 0.0442134 0.0360249 0.0561898 0.0373439 0.0364684 0.0342880 0.0337071 0.0439694 0.0401558 0.0338670 0.0338670 0.0317708 0.0329915 0.0267095 0.0000000 0.0457952 0.0480048 0.0296661 0.0437009 0.0294293 0.0554798 0.0338670 0.0334989 0.0654300 0.0196195 0.0364643 0.0335834 0.0338670 0.0410021 0.0612647 0.0845116 0.0672617 0.0654203 0.0392453 0.0579629 0.0699591 0.0241340 0.0233118 0.1205820 0.0611142 0.2614939 0.2647274 0.2647274 0.2797118
gi|5542098 0.0205466 0.0205466 0.0238132 0.0212353 0.0218807 0.0250665 0.0318180 0.0310879 0.0252621 0.0262613 0.0277125 0.0362806 0.0166622 0.0290245 0.0251767 0.0253086 0.0206379 0.0239287 0.0078860 0.0105435 0.0098911 0.0153783 0.0162868 0.0179318 0.0043119 0.0043119 0.0098471 0.0069695 0.0227514 0.0457952 0.0000000 0.0793140 0.0093588 0.0016125 0.0058399 0.0577661 0.0043119 0.0205218 0.0499923 0.0172480 0.0848975 0.0184142 0.0043119 0.0546482 0.0553938 0.0809902 0.0564630 0.0500869 0.0303427 0.0263917 0.0258078 0.0470990 0.0447726 0.1426614 0.0607126 0.1730606 0.2517960 0.2517960 0.4046522
gi|6366656 0.0465208 0.0465208 0.0532877 0.0500067 0.0539645 0.0531500 0.0523659 0.0626718 0.0582217 0.0546746 0.0508876 0.0790618 0.0691182 0.0359261 0.0685927 0.0673994 0.0570784 0.0812460 0.0613240 0.0632170 0.0558890 0.0637879 0.0665486 0.0525725 0.0608394 0.0608394 0.0595887 0.0627325 0.0586353 0.0480048 0.0793140 0.0000000 0.0634273 0.0801244 0.0602475 0.0573678 0.0608394 0.0560509 0.0359864 0.0503920 0.0205917 0.0568008 0.0608394 0.0371598 0.0882879 0.0672189 0.0759134 0.0521021 0.0641338 0.0897449 0.1000956 0.0573006 0.0617025 0.1566831 0.1146328 0.2287432 0.1710503 0.1710503 0.3098499
gi|1062516 0.0203276 0.0203276 0.0222359 0.0229102 0.0248622 0.0245602 0.0286494 0.0292233 0.0277598 0.0200767 0.0205427 0.0349736 0.0178579 0.0179335 0.0324653 0.0301312 0.0229337 0.0314778 0.0053711 0.0053711 0.0056152 0.0029297 0.0090332 0.0063477 0.0021973 0.0021973 0.0043945 0.0021973 0.0119881 0.0296661 0.0093588 0.0634273 0.0000000 0.0081831 0.0060336 0.0421518 0.0021973 0.0123920 0.0349900 0.0118860 0.0648179 0.0086894 0.0021973 0.0559273 0.0412851 0.0921921 0.0385678 0.0301202 0.0284549 0.0350957 0.0326448 0.0326628 0.0268545 0.1449298 0.0668658 0.1808687 0.2410087 0.2410087 0.3447508
gi|3891959 0.0247732 0.0247732 0.0280399 0.0264555 0.0272308 0.0302866 0.0365414 0.0363081 0.0304823 0.0285849 0.0310449 0.0405805 0.0155872 0.0306369 0.0319546 0.0309750 0.0266163 0.0301509 0.0082471 0.0078309 0.0097400 0.0111288 0.0135742 0.0188052 0.0046731 0.0046731 0.0071345 0.0042568 0.0234164 0.0437009 0.0016125 0.0801244 0.0081831 0.0000000 0.0060067 0.0616129 0.0046731 0.0184473 0.0502553 0.0168495 0.0867167 0.0169457 0.0046731 0.0615115 0.0564455 0.0868447 0.0568018 0.0482875 0.0358610 0.0331696 0.0325856 0.0466526 0.0443262 0.1382655 0.0623093 0.1829504 0.2555068 0.2555068 0.3991918
gi|1578315 0.0267285 0.0267285 0.0309715 0.0263723 0.0302700 0.0315652 0.0386423 0.0385631 0.0300137 0.0315024 0.0313881 0.0488020 0.0224650 0.0201204 0.0322662 0.0321969 0.0230547 0.0342375 0.0088622 0.0101419 0.0085002 0.0095357 0.0171041 0.0132904 0.0043077 0.0043077 0.0086770 0.0055874 0.0111863 0.0294293 0.0058399 0.0602475 0.0060336 0.0060067 0.0000000 0.0439331 0.0043077 0.0072196 0.0442735 0.0038644 0.0614391 0.0062562 0.0043077 0.0421043 0.0434417 0.0829613 0.0426921 0.0445988 0.0331414 0.0377640 0.0339799 0.0325733 0.0294133 0.1117277 0.0559908 0.1821717 0.2414264 0.2414264 0.3324899
gi|5035417 0.0410657 0.0410657 0.0462513 0.0358127 0.0410690 0.0418355 0.0518014 0.0497758 0.0395668 0.0429671 0.0433105 0.0465157 0.0481440 0.0285414 0.0326103 0.0326441 0.0264154 0.0382487 0.0414624 0.0462495 0.0322473 0.0527216 0.0443586 0.0271491 0.0470394 0.0470394 0.0450910 0.0518264 0.0292587 0.0554798 0.0577661 0.0573678 0.0421518 0.0616129 0.0439331 0.0000000 0.0470394 0.0412435 0.0603532 0.0497327 0.0380570 0.0456766 0.0470394 0.0357087 0.0161082 0.0903276 0.0156820 0.0563339 0.0301144 0.0454080 0.0349085 0.0211137 0.0202800 0.1547702 0.0705498 0.1930144 0.1725717 0.1725717 0.2541457
gi|1009083 0.0159404 0.0159404 0.0187957 0.0185231 0.0198705 0.0206466 0.0252093 0.0262567 0.0238462 0.0189312 0.0198779 0.0330005 0.0174216 0.0185218 0.0287122 0.0279670 0.0205651 0.0282543 0.0026855 0.0041504 0.0043945 0.0056152 0.0087891 0.0090332 0.0000000 0.0000000 0.0036621 0.0014648 0.0135315 0.0338670 0.0043119 0.0608394 0.0021973 0.0046731 0.0043077 0.0470394 0.0000000 0.0138612 0.0359926 0.0112377 0.0660761 0.0106774 0.0000000 0.0509356 0.0469853 0.0857581 0.0456266 0.0344617 0.0263878 0.0308128 0.0294214 0.0389732 0.0347539 0.1402214 0.0640941 0.1795309 0.2404641 0.2404641 0.3675890
gi|1094959 0.0402164 0.0402164 0.0448078 0.0414368 0.0464838 0.0465839 0.0523594 0.0539301 0.0454724 0.0404753 0.0425016 0.0622244 0.0350246 0.0251329 0.0501237 0.0499826 0.0384734 0.0532434 0.0182171 0.0173605 0.0155487 0.0133515 0.0247575 0.0184484 0.0138612 0.0138612 0.0161698 0.0130045 0.0099004 0.0334989 0.0205218 0.0560509 0.0123920 0.0184473 0.0072196 0.0412435 0.0138612 0.0000000 0.0457227 0.0083931 0.0639529 0.0079236 0.0138612 0.0515705 0.0457455 0.1033633 0.0438386 0.0405636 0.0465212 0.0577441 0.0488537 0.0326101 0.0285581 0.1073238 0.0706552 0.1909417 0.2174801 0.2174801 0.2980943
gi|1011526 0.0228738 0.0228738 0.0182238 0.0293652 0.0275563 0.0242756 0.0262392 0.0223805 0.0343962 0.0159889 0.0162810 0.0308085 0.0438855 0.0454980 0.0552421 0.0542153 0.0500121 0.0653212 0.0412234 0.0425947 0.0366886 0.0358211 0.0407299 0.0215779 0.0359926 0.0359926 0.0407975 0.0373639 0.0492461 0.0654300 0.0499923 0.0359864 0.0349900 0.0502553 0.0442735 0.0603532 0.0359926 0.0457227 0.0000000 0.0481886 0.0612313 0.0384553 0.0359926 0.0547753 0.0827434 0.0647614 0.0582291 0.0067369 0.0542139 0.0659752 0.0762926 0.0623140 0.0616783 0.1883142 0.1420526 0.1478468 0.1815199 0.1815199 0.3681203
gi|1147936 0.0376913 0.0376913 0.0435017 0.0373350 0.0437567 0.0440954 0.0501275 0.0526607 0.0409765 0.0444586 0.0416918 0.0686895 0.0338731 0.0185269 0.0445750 0.0445057 0.0314877 0.0494686 0.0168698 0.0176106 0.0159690 0.0137717 0.0261892 0.0202204 0.0112377 0.0112377 0.0150682 0.0119786 0.0129749 0.0196195 0.0172480 0.0503920 0.0118860 0.0168495 0.0038644 0.0497327 0.0112377 0.0083931 0.0481886 0.0000000 0.0494616 0.0071055 0.0112377 0.0396759 0.0515196 0.0895514 0.0507700 0.0511774 0.0409694 0.0524106 0.0515488 0.0326086 0.0288641 0.0977987 0.0601000 0.2070112 0.2521279 0.2521279 0.3016553
gi|6366656 0.0568274 0.0568274 0.0645268 0.0528541 0.0608284 0.0601932 0.0664022 0.0706474 0.0578057 0.0691124 0.0639053 0.0861585 0.0736929 0.0304125 0.0606938 0.0589790 0.0471667 0.0749116 0.0622337 0.0650883 0.0558372 0.0695054 0.0650545 0.0515591 0.0660761 0.0660761 0.0614600 0.0689307 0.0559515 0.0364643 0.0848975 0.0205917 0.0648179 0.0867167 0.0614391 0.0380570 0.0660761 0.0639529 0.0612313 0.0494616 0.0000000 0.0601144 0.0660761 0.0279290 0.0648457 0.0740828 0.0578223 0.0781582 0.0515500 0.0792384 0.0885461 0.0441866 0.0459809 0.1341725 0.0926070 0.2548260 0.1802811 0.1802811 0.2236530
gi|1578301 0.0352399 0.0352399 0.0374864 0.0380931 0.0392522 0.0366993 0.0422090 0.0417006 0.0463248 0.0361837 0.0365810 0.0547139 0.0336463 0.0270620 0.0480403 0.0472195 0.0360091 0.0505334 0.0170599 0.0167809 0.0153510 0.0081314 0.0240703 0.0146185 0.0106774 0.0106774 0.0158741 0.0103984 0.0140189 0.0335834 0.0184142 0.0568008 0.0086894 0.0169457 0.0062562 0.0456766 0.0106774 0.0079236 0.0384553 0.0071055 0.0601144 0.0000000 0.0106774 0.0516360 0.0479365 0.0916782 0.0425017 0.0377421 0.0459240 0.0548323 0.0448906 0.0338613 0.0288853 0.1243622 0.0797569 0.1640224 0.2387091 0.2387091 0.3041301
gi|1130619 0.0159404 0.0159404 0.0187957 0.0185231 0.0198705 0.0206466 0.0252093 0.0262567 0.0238462 0.0189312 0.0198779 0.0330005 0.0174216 0.0185218 0.0287122 0.0279670 0.0205651 0.0282543 0.0026855 0.0041504 0.0043945 0.0056152 0.0087891 0.0090332 0.0000000 0.0000000 0.0036621 0.0014648 0.0135315 0.0338670 0.0043119 0.0608394 0.0021973 0.0046731 0.0043077 0.0470394 0.0000000 0.0138612 0.0359926 0.0112377 0.0660761 0.0106774 0.0000000 0.0509356 0.0469853 0.0857581 0.0456266 0.0344617 0.0263878 0.0308128 0.0294214 0.0389732 0.0347539 0.1402214 0.0640941 0.1795309 0.2404641 0.2404641 0.3675890
gi|6366656 0.0388751 0.0388751 0.0442435 0.0311722 0.0395266 0.0408423 0.0531119 0.0489655 0.0314618 0.0506509 0.0454438 0.0659975 0.0479833 0.0294192 0.0320347 0.0344920 0.0272269 0.0467740 0.0543047 0.0619670 0.0469467 0.0649418 0.0667409 0.0465148 0.0509356 0.0509356 0.0583387 0.0585979 0.0445023 0.0410021 0.0546482 0.0371598 0.0559273 0.0615115 0.0421043 0.0357087 0.0509356 0.0515705 0.0547753 0.0396759 0.0279290 0.0516360 0.0509356 0.0000000 0.0592578 0.0442604 0.0555789 0.0678881 0.0359287 0.0464072 0.0562364 0.0358665 0.0413114 0.1064633 0.0742708 0.2096663 0.1960207 0.1960207 0.2828569
gi|1011526 0.0525239 0.0525239 0.0612874 0.0479425 0.0547814 0.0570653 0.0671863 0.0685837 0.0521745 0.0533613 0.0563147 0.0646597 0.0511524 0.0385097 0.0474228 0.0418647 0.0374085 0.0436258 0.0404360 0.0425589 0.0343112 0.0484183 0.0451171 0.0368057 0.0469853 0.0469853 0.0431321 0.0491083 0.0268765 0.0612647 0.0553938 0.0882879 0.0412851 0.0564455 0.0434417 0.0161082 0.0469853 0.0457455 0.0827434 0.0515196 0.0648457 0.0479365 0.0469853 0.0592578 0.0000000 0.1242643 0.0075614 0.0694707 0.0434945 0.0557413 0.0342457 0.0251904 0.0257149 0.1617342 0.0526243 0.2384718 0.2706143 0.2706143 0.2951577
gi|3399611 0.0568561 0.0568561 0.0561638 0.0547476 0.0525444 0.0550937 0.0547758 0.0571563 0.0583006 0.0674556 0.0636686 0.0666144 0.0662547 0.0754334 0.0534608 0.0496599 0.0579670 0.0708077 0.0910503 0.0977510 0.0836923 0.1036104 0.0977172 0.0774911 0.0857581 0.0857581 0.0936419 0.0924588 0.0972192 0.0845116 0.0809902 0.0672189 0.0921921 0.0868447 0.0829613 0.0903276 0.0857581 0.1033633 0.0647614 0.0895514 0.0740828 0.0916782 0.0857581 0.0442604 0.1242643 0.0000000 0.1092141 0.0874095 0.0693409 0.0667903 0.0880928 0.0786746 0.0919422 0.2278242 0.1397494 0.1379503 0.1880917 0.1880917 0.4045675
gi|1011534 0.0472538 0.0472538 0.0500884 0.0420136 0.0484269 0.0478427 0.0592812 0.0534322 0.0436106 0.0423245 0.0452779 0.0550375 0.0543598 0.0445681 0.0529497 0.0466547 0.0423665 0.0521004 0.0424740 0.0439176 0.0363493 0.0436629 0.0430791 0.0272948 0.0456266 0.0456266 0.0438115 0.0470702 0.0316665 0.0672617 0.0564630 0.0759134 0.0385678 0.0568018 0.0426921 0.0156820 0.0456266 0.0438386 0.0582291 0.0507700 0.0578223 0.0425017 0.0456266 0.0555789 0.0075614 0.1092141 0.0000000 0.0515123 0.0529148 0.0656897 0.0464049 0.0344018 0.0341895 0.1586286 0.0743634 0.2097762 0.2329889 0.2329889 0.2714423
gi|1011534 0.0263309 0.0263309 0.0225780 0.0349248 0.0333113 0.0302136 0.0304532 0.0292155 0.0404743 0.0144998 0.0174533 0.0301297 0.0380051 0.0446068 0.0576516 0.0557781 0.0528215 0.0641715 0.0387819 0.0381875 0.0326572 0.0297805 0.0373489 0.0208853 0.0344617 0.0344617 0.0374020 0.0338672 0.0400530 0.0654203 0.0500869 0.0521021 0.0301202 0.0482875 0.0445988 0.0563339 0.0344617 0.0405636 0.0067369 0.0511774 0.0781582 0.0377421 0.0344617 0.0678881 0.0694707 0.0874095 0.0515123 0.0000000 0.0516231 0.0637593 0.0687928 0.0523683 0.0506821 0.1981236 0.1363283 0.1592091 0.2091776 0.2091776 0.3779898
gi|1188287 0.0176745 0.0176745 0.0237810 0.0168480 0.0184533 0.0226331 0.0281428 0.0314945 0.0217608 0.0272896 0.0246466 0.0254247 0.0187598 0.0165471 0.0069918 0.0093188 0.0064781 0.0129959 0.0209028 0.0272830 0.0160688 0.0409549 0.0266482 0.0234093 0.0263878 0.0263878 0.0263390 0.0327680 0.0296290 0.0392453 0.0303427 0.0641338 0.0284549 0.0358610 0.0331414 0.0301144 0.0263878 0.0465212 0.0542139 0.0409694 0.0515500 0.0459240 0.0263878 0.0359287 0.0434945 0.0693409 0.0529148 0.0516231 0.0000000 0.0056321 0.0166347 0.0242091 0.0238740 0.1754308 0.0660621 0.1876778 0.2188626 0.2188626 0.3732530
gi|1188286 0.0199159 0.0199159 0.0243360 0.0175229 0.0171022 0.0222466 0.0295538 0.0294216 0.0218108 0.0300237 0.0278414 0.0233353 0.0161703 0.0322313 0.0040218 0.0068946 0.0077000 0.0071818 0.0276142 0.0351950 0.0236541 0.0489993 0.0353812 0.0323894 0.0308128 0.0308128 0.0345246 0.0383936 0.0439529 0.0579629 0.0263917 0.0897449 0.0350957 0.0331696 0.0377640 0.0454080 0.0308128 0.0577441 0.0659752 0.0524106 0.0792384 0.0548323 0.0308128 0.0464072 0.0557413 0.0667903 0.0656897 0.0637593 0.0056321 0.0000000 0.0109164 0.0370583 0.0376329 0.1952249 0.0696132 0.1723362 0.2369400 0.2369400 0.4304892
gi|8511881 0.0267582 0.0267582 0.0322056 0.0243652 0.0227593 0.0260072 0.0343417 0.0342095 0.0327620 0.0346377 0.0355845 0.0288642 0.0267006 0.0388715 0.0143637 0.0149382 0.0142720 0.0112037 0.0251634 0.0327442 0.0227923 0.0444298 0.0355787 0.0320573 0.0294214 0.0294214 0.0347221 0.0370021 0.0341856 0.0699591 0.0258078 0.1000956 0.0326448 0.0325856 0.0339799 0.0349085 0.0294214 0.0488537 0.0762926 0.0515488 0.0885461 0.0448906 0.0294214 0.0562364 0.0342457 0.0880928 0.0464049 0.0687928 0.0166347 0.0109164 0.0000000 0.0364838 0.0364838 0.1998110 0.0647633 0.1585930 0.2471603 0.2471603 0.4111374
gi|4963623 0.0441426 0.0441426 0.0526717 0.0427769 0.0482825 0.0505822 0.0548078 0.0618661 0.0480920 0.0486876 0.0454623 0.0601582 0.0279862 0.0190402 0.0301637 0.0272910 0.0236008 0.0356219 0.0378932 0.0385884 0.0270476 0.0386215 0.0430119 0.0315455 0.0389732 0.0389732 0.0357994 0.0396684 0.0212583 0.0241340 0.0470990 0.0573006 0.0326628 0.0466526 0.0325733 0.0211137 0.0389732 0.0326101 0.0623140 0.0326086 0.0441866 0.0338613 0.0389732 0.0358665 0.0251904 0.0786746 0.0344018 0.0523683 0.0242091 0.0370583 0.0364838 0.0000000 0.0022982 0.1494355 0.0586123 0.2042466 0.2459560 0.2459560 0.2939559
gi|5035033 0.0435507 0.0435507 0.0510525 0.0421849 0.0479908 0.0489630 0.0531886 0.0592197 0.0475000 0.0468314 0.0430845 0.0594989 0.0278826 0.0167138 0.0313128 0.0307383 0.0237117 0.0361965 0.0347332 0.0354284 0.0244172 0.0328132 0.0398519 0.0267966 0.0347539 0.0347539 0.0326394 0.0354491 0.0195346 0.0233118 0.0447726 0.0617025 0.0268545 0.0443262 0.0294133 0.0202800 0.0347539 0.0285581 0.0616783 0.0288641 0.0459809 0.0288853 0.0347539 0.0413114 0.0257149 0.0919422 0.0341895 0.0506821 0.0238740 0.0376329 0.0364838 0.0022982 0.0000000 0.1480915 0.0574463 0.2085442 0.2454035 0.2454035 0.2869438
gi|1227483 0.1853636 0.1853636 0.1935625 0.1730653 0.1929806 0.1954810 0.2296703 0.2064347 0.1634398 0.1954067 0.1991007 0.2316544 0.1678467 0.1349158 0.1787477 0.1845855 0.1617252 0.1963740 0.1477200 0.1446508 0.1432209 0.1426977 0.1552884 0.1536492 0.1402214 0.1402214 0.1398378 0.1371522 0.1253558 0.1205820 0.1426614 0.1566831 0.1449298 0.1382655 0.1117277 0.1547702 0.1402214 0.1073238 0.1883142 0.0977987 0.1341725 0.1243622 0.1402214 0.1064633 0.1617342 0.2278242 0.1586286 0.1981236 0.1754308 0.1952249 0.1998110 0.1494355 0.1480915 0.0000000 0.1552371 0.4341245 0.3221078 0.3221078 0.2134529
gi|913749| 0.0734484 0.0734484 0.0899233 0.0643332 0.0778211 0.0846162 0.0874521 0.1038459 0.0651164 0.0890707 0.0891124 0.1176075 0.0546264 0.0456313 0.0574801 0.0585109 0.0489472 0.0498251 0.0652574 0.0678998 0.0630888 0.0746783 0.0822467 0.0837259 0.0640941 0.0640941 0.0645967 0.0667366 0.0637663 0.0611142 0.0607126 0.1146328 0.0668658 0.0623093 0.0559908 0.0705498 0.0640941 0.0706552 0.1420526 0.0601000 0.0926070 0.0797569 0.0640941 0.0742708 0.0526243 0.1397494 0.0743634 0.1363283 0.0660621 0.0696132 0.0647633 0.0586123 0.0574463 0.1552371 0.0000000 0.3609882 0.3511791 0.3511791 0.3937773
gi|5838477 0.1709785 0.1709785 0.1553679 0.1777278 0.1566012 0.1515938 0.1540731 0.1387379 0.1928426 0.1644118 0.1628970 0.1278147 0.1952482 0.2296475 0.1739220 0.1738760 0.1837641 0.1904345 0.1841500 0.1946969 0.1765035 0.1943063 0.1856246 0.1515523 0.1795309 0.1795309 0.1976070 0.1900777 0.1918134 0.2614939 0.1730606 0.2287432 0.1808687 0.1829504 0.1821717 0.1930144 0.1795309 0.1909417 0.1478468 0.2070112 0.2548260 0.1640224 0.1795309 0.2096663 0.2384718 0.1379503 0.2097762 0.1592091 0.1876778 0.1723362 0.1585930 0.2042466 0.2085442 0.4341245 0.3609882 0.0000000 0.2356515 0.2356515 0.5588298
gi|9280631 0.2054104 0.2054104 0.1967928 0.2014371 0.1972041 0.1958392 0.2083418 0.1899764 0.2030088 0.2040680 0.2109320 0.1805476 0.2456356 0.2220274 0.2135714 0.2208527 0.2175630 0.2426523 0.2316938 0.2363512 0.2209704 0.2560327 0.2173271 0.1946971 0.2404641 0.2404641 0.2354874 0.2451215 0.2412933 0.2647274 0.2517960 0.1710503 0.2410087 0.2555068 0.2414264 0.1725717 0.2404641 0.2174801 0.1815199 0.2521279 0.1802811 0.2387091 0.2404641 0.1960207 0.2706143 0.1880917 0.2329889 0.2091776 0.2188626 0.2369400 0.2471603 0.2459560 0.2454035 0.3221078 0.3511791 0.2356515 0.0000000 0.0000000 0.3428071
gi|9280807 0.2054104 0.2054104 0.1967928 0.2014371 0.1972041 0.1958392 0.2083418 0.1899764 0.2030088 0.2040680 0.2109320 0.1805476 0.2456356 0.2220274 0.2135714 0.2208527 0.2175630 0.2426523 0.2316938 0.2363512 0.2209704 0.2560327 0.2173271 0.1946971 0.2404641 0.2404641 0.2354874 0.2451215 0.2412933 0.2647274 0.2517960 0.1710503 0.2410087 0.2555068 0.2414264 0.1725717 0.2404641 0.2174801 0.1815199 0.2521279 0.1802811 0.2387091 0.2404641 0.1960207 0.2706143 0.1880917 0.2329889 0.2091776 0.2188626 0.2369400 0.2471603 0.2459560 0.2454035 0.3221078 0.3511791 0.2356515 0.0000000 0.0000000 0.3428071
gi|1176623 0.4111570 0.4111570 0.4113866 0.3953168 0.4164771 0.4058770 0.4368687 0.4088613 0.3895776 0.4073647 0.4132065 0.4292423 0.4148278 0.3113732 0.4003647 0.3920598 0.3672484 0.4300975 0.3671229 0.3630391 0.3533401 0.3475917 0.3572907 0.3224230 0.3675890 0.3675890 0.3580231 0.3635052 0.2948046 0.2797118 0.4046522 0.3098499 0.3447508 0.3991918 0.3324899 0.2541457 0.3675890 0.2980943 0.3681203 0.3016553 0.2236530 0.3041301 0.3675890 0.2828569 0.2951577 0.4045675 0.2714423 0.3779898 0.3732530 0.4304892 0.4111374 0.2939559 0.2869438 0.2134529 0.3937773 0.5588298 0.3428071 0.3428071 0.0000000
