   59
gi|7353547 0.0000000 0.0000000 0.0403226 0.0403226 0.0040486 0.4544653 0.0403226 0.4544993 0.0645161 0.1097432 0.1097432 0.1046929 0.1803900 0.1803900 0.1575061 0.2003179 0.1598262 0.1660685 0.1966806 0.4996140 0.2376697 0.2622631 0.4996140 0.2294718 0.2376697 0.2376697 0.4996502 0.4996502 0.2345672 0.4995174 0.2308548 0.2316984 0.2622631 0.4996130 0.2494033 0.1850772 0.2439918 0.2470503 0.0932859 0.2580446 0.2479591 0.2534355 0.2439918 0.2886109 0.0884726 0.3455233 0.1374639 0.1766570 0.2030056 0.2003179 0.4994990 0.2602543 0.2602543 0.4383589 0.3840653 0.2782904 0.4816691 0.4816691 0.5000000
gi|4995962 0.0000000 0.0000000 0.0403226 0.0403226 0.0040486 0.4544653 0.0403226 0.4544993 0.0645161 0.1097432 0.1097432 0.1046929 0.1803900 0.1803900 0.1575061 0.2003179 0.1598262 0.1660685 0.1966806 0.4996140 0.2376697 0.2622631 0.4996140 0.2294718 0.2376697 0.2376697 0.4996502 0.4996502 0.2345672 0.4995174 0.2308548 0.2316984 0.2622631 0.4996130 0.2494033 0.1850772 0.2439918 0.2470503 0.0932859 0.2580446 0.2479591 0.2534355 0.2439918 0.2886109 0.0884726 0.3455233 0.1374639 0.1766570 0.2030056 0.2003179 0.4994990 0.2602543 0.2602543 0.4383589 0.3840653 0.2782904 0.4816691 0.4816691 0.5000000
gi|6168025 0.0403226 0.0403226 0.0000000 0.0645161 0.0447004 0.4544993 0.0564516 0.4544653 0.0645161 0.1503949 0.1503949 0.1467469 0.2140332 0.2140332 0.1917555 0.2345672 0.1947158 0.2003179 0.2294718 0.4996622 0.2704610 0.2950544 0.4996622 0.2622631 0.2704610 0.2704610 0.4996984 0.4996984 0.2345672 0.4995174 0.2644979 0.2316984 0.2950544 0.4996664 0.2839684 0.2221269 0.2759928 0.2819399 0.1417043 0.2926097 0.2479591 0.2886590 0.2759928 0.2886109 0.1374639 0.3455233 0.1864553 0.2256484 0.2114912 0.2088802 0.4995133 0.2688166 0.2688166 0.4383589 0.3956587 0.2782904 0.4816691 0.4816691 0.5000000
gi|6168024 0.0403226 0.0403226 0.0645161 0.0000000 0.0447004 0.4544653 0.0806452 0.4544993 0.0403226 0.1503949 0.1503949 0.1467469 0.1888008 0.1888008 0.1660685 0.2088802 0.1685486 0.1746308 0.2048784 0.4996260 0.2458675 0.2704610 0.4996260 0.2376697 0.2458675 0.2458675 0.4996622 0.4996622 0.2345672 0.4995383 0.2392655 0.2316984 0.2704610 0.4996264 0.2580446 0.1943396 0.2519921 0.2557727 0.1417043 0.2666859 0.2479591 0.2622414 0.2519921 0.2886109 0.1374639 0.3455233 0.1864553 0.2256484 0.2369479 0.2345672 0.4995563 0.2945037 0.2945037 0.4383589 0.3956587 0.2782904 0.4816691 0.4816691 0.5000000
gi|1578337 0.0040486 0.0040486 0.0447004 0.0447004 0.0000000 0.4541050 0.0447004 0.4541392 0.0690914 0.1065574 0.1065574 0.1014659 0.1777809 0.1777809 0.1547102 0.1978714 0.1570492 0.1633425 0.1942044 0.4996108 0.2355282 0.2603224 0.4996108 0.2272634 0.2355282 0.2355282 0.4996473 0.4996473 0.2324004 0.4995134 0.2286576 0.2295082 0.2603224 0.4996099 0.2473576 0.1825063 0.2419019 0.2449853 0.0899657 0.2560694 0.2459016 0.2514227 0.2419019 0.2868852 0.0949914 0.3442623 0.1345044 0.1740174 0.2005812 0.1978714 0.4994949 0.2582971 0.2582971 0.4378557 0.3831189 0.2764805 0.4815195 0.4815195 0.5000000
gi|6168025 0.4544653 0.4544653 0.4544993 0.4544653 0.4541050 0.0000000 0.4545219 0.0000001 0.4544993 0.4542533 0.4542533 0.4526871 0.4527461 0.4527461 0.4518706 0.4519306 0.4509831 0.4518826 0.4539541 0.4999323 0.4540116 0.4540461 0.4999323 0.4540001 0.4540116 0.4540116 0.4999324 0.4999324 0.4519667 0.4999994 0.4528169 0.4996237 0.4540461 0.4999252 0.4515603 0.4480133 0.4551199 0.4511055 0.4455948 0.4515724 0.4996465 0.4506499 0.4551199 0.4997035 0.4994916 0.4997834 0.4995603 0.4450746 0.4523975 0.4519667 0.4999197 0.4520507 0.4520507 0.4999136 0.4998537 0.4225569 0.4999743 0.4999743 0.5000000
gi|6168045 0.0403226 0.0403226 0.0564516 0.0806452 0.0447004 0.4545219 0.0000000 0.4545219 0.0806452 0.1503949 0.1503949 0.1467469 0.2224440 0.2224440 0.2003179 0.2431296 0.2034382 0.2088802 0.2376697 0.4996743 0.2786588 0.3032522 0.4996743 0.2704610 0.2786588 0.2786588 0.4997105 0.4997105 0.2431296 0.4995383 0.2729087 0.2479591 0.3032522 0.4996798 0.2926097 0.2313893 0.2839931 0.2906623 0.1320206 0.3012509 0.2642198 0.2974649 0.2839931 0.2886109 0.1374639 0.3455233 0.1864553 0.2158501 0.2030056 0.2003179 0.4994990 0.2602543 0.2602543 0.4383589 0.3840653 0.2782904 0.4816691 0.4816691 0.5000000
gi|6168046 0.4544993 0.4544993 0.4544653 0.4544993 0.4541392 0.0000001 0.4545219 0.0000000 0.4544993 0.4542875 0.4542875 0.4527225 0.4527815 0.4527815 0.4519066 0.4519667 0.4510198 0.4519186 0.4539886 0.4999324 0.4540461 0.4540806 0.4999324 0.4540346 0.4540461 0.4540461 0.4999324 0.4999324 0.4519667 0.4999994 0.4528523 0.4996237 0.4540806 0.4999253 0.4515967 0.4480523 0.4551536 0.4511422 0.4456355 0.4516088 0.4996465 0.4506870 0.4551536 0.4997035 0.4995328 0.4997834 0.4996015 0.4451158 0.4523975 0.4519667 0.4999197 0.4520507 0.4520507 0.4999136 0.4998537 0.4225569 0.4999743 0.4999743 0.5000000
gi|6168024 0.0645161 0.0645161 0.0645161 0.0403226 0.0690914 0.4544993 0.0806452 0.4544993 0.0000000 0.1747860 0.1747860 0.1719792 0.2140332 0.2140332 0.1917555 0.2345672 0.1947158 0.2003179 0.2294718 0.4996622 0.2704610 0.2950544 0.4996622 0.2622631 0.2704610 0.2704610 0.4996984 0.4996984 0.2345672 0.4995383 0.2644979 0.2316984 0.2950544 0.4996664 0.2839684 0.2221269 0.2759928 0.2819399 0.1707553 0.2926097 0.2479591 0.2886590 0.2759928 0.2886109 0.1668587 0.3455233 0.2158501 0.2550432 0.2369479 0.2345672 0.4995563 0.2945037 0.2945037 0.4383589 0.3956587 0.2782904 0.4816691 0.4816691 0.5000000
gi|4995965 0.1097432 0.1097432 0.1503949 0.1503949 0.1065574 0.4542533 0.1503949 0.4542875 0.1747860 0.0000000 0.0819672 0.0336303 0.2456165 0.2032193 0.1978714 0.2410327 0.1922237 0.1978714 0.2189987 0.4996473 0.2603224 0.2851166 0.4996473 0.2437929 0.2603224 0.2603224 0.4996838 0.4996838 0.2496649 0.4995346 0.2540960 0.2786885 0.2851166 0.4996502 0.2734930 0.2011824 0.2660986 0.2713662 0.1778302 0.2822048 0.2950820 0.2780560 0.2660986 0.3688525 0.1345044 0.4016393 0.0851131 0.0949914 0.2262456 0.2237682 0.4995382 0.2755616 0.2755616 0.4467334 0.4064951 0.2904505 0.4815195 0.4815195 0.5000000
gi|5660469 0.1097432 0.1097432 0.1503949 0.1503949 0.1065574 0.4542533 0.1503949 0.4542875 0.1747860 0.0819672 0.0000000 0.1184248 0.2371371 0.2286576 0.2151359 0.2324004 0.2186045 0.2237682 0.2189987 0.4996473 0.2603224 0.2851166 0.4996473 0.2189987 0.2603224 0.2603224 0.4996838 0.4996838 0.2582971 0.4996403 0.2540960 0.2622951 0.2851166 0.4996502 0.2734930 0.2385346 0.2660986 0.2713662 0.1778302 0.2822048 0.2786885 0.2691782 0.2660986 0.3360656 0.1838957 0.3852459 0.1345044 0.1937739 0.2519101 0.2496649 0.4996104 0.3100906 0.3100906 0.4378557 0.4181832 0.2764805 0.5000000 0.5000000 0.5000000
gi|1011529 0.1046929 0.1046929 0.1467469 0.1467469 0.1014659 0.4526871 0.1467469 0.4527225 0.1719792 0.0336303 0.1184248 0.0000000 0.2456140 0.2017544 0.1963802 0.2410301 0.1907045 0.1963802 0.2178560 0.4996477 0.2606051 0.2862545 0.4996477 0.2606051 0.2606051 0.2606051 0.4996855 0.4996855 0.2499601 0.4995404 0.2543860 0.2710549 0.2862545 0.4996521 0.2746925 0.2005355 0.2663745 0.2725769 0.1667177 0.2837048 0.2880138 0.2795845 0.2663745 0.3643288 0.1321164 0.3982466 0.1321164 0.0810215 0.2256530 0.2231701 0.4995372 0.2767501 0.2767501 0.4448961 0.4153611 0.2832225 0.4808820 0.4808820 0.5000000
gi|1386577 0.1803900 0.1803900 0.2140332 0.1888008 0.1777809 0.4527461 0.2224440 0.4527815 0.2140332 0.2456165 0.2371371 0.2456140 0.0000000 0.1228070 0.0981502 0.1428002 0.0997353 0.1070802 0.2264058 0.4996100 0.2349556 0.1836567 0.4996100 0.2264058 0.1836567 0.1836567 0.4995722 0.4995722 0.2678201 0.4995404 0.1754386 0.3134521 0.2093061 0.4995268 0.1935818 0.1232543 0.1912805 0.1907045 0.1970161 0.1935818 0.3304110 0.2244806 0.1912805 0.3982466 0.2445253 0.4406439 0.2751822 0.2445253 0.2787524 0.2767501 0.4995820 0.2678201 0.2678201 0.4081602 0.3186309 0.2687707 0.4808820 0.4808820 0.5000000
gi|4992873 0.1803900 0.1803900 0.2140332 0.1888008 0.1777809 0.4527461 0.2224440 0.4527815 0.2140332 0.2032193 0.2286576 0.2017544 0.1228070 0.0000000 0.0713602 0.1160102 0.0633476 0.0713602 0.1152581 0.4994716 0.1580072 0.1494574 0.4994967 0.2264058 0.0896087 0.0896087 0.4994590 0.4994590 0.2231701 0.4994310 0.0877193 0.3304110 0.1323578 0.4994155 0.1214834 0.0652935 0.1161866 0.1452199 0.2374139 0.1304957 0.3473699 0.1693767 0.1161866 0.4152055 0.2036493 0.4321644 0.2240873 0.2445253 0.2433528 0.2410301 0.4995223 0.2767501 0.2767501 0.3806083 0.2823571 0.2687707 0.4808820 0.4808820 0.5000000
gi|5035429 0.1575061 0.1575061 0.1917555 0.1660685 0.1547102 0.4518706 0.2003179 0.4519066 0.1917555 0.1978714 0.2151359 0.1963802 0.0981502 0.0713602 0.0000000 0.0454545 0.0369576 0.0454545 0.1779563 0.4995645 0.2214758 0.1779563 0.4995645 0.2127719 0.1344369 0.1344369 0.4995261 0.4995261 0.2181818 0.4994207 0.1249402 0.3187229 0.1779563 0.4994758 0.1605362 0.0672945 0.1432470 0.1573486 0.2224008 0.1697109 0.3359874 0.1914675 0.1432470 0.4050453 0.1879061 0.4223098 0.2191155 0.2399218 0.1936813 0.1909091 0.4518254 0.2727273 0.2727273 0.4065053 0.2784353 0.2646040 0.4805375 0.4805375 0.5000000
gi|1386580 0.2003179 0.2003179 0.2345672 0.2088802 0.1978714 0.4519306 0.2431296 0.4519667 0.2345672 0.2410327 0.2324004 0.2410301 0.1428002 0.1160102 0.0454545 0.0000000 0.0832619 0.0909091 0.1779563 0.4995645 0.2214758 0.1779563 0.4995645 0.2127719 0.1344369 0.1344369 0.4995261 0.4995261 0.2181818 0.4995321 0.1249402 0.3618841 0.1779563 0.4994758 0.1605362 0.1164656 0.1432470 0.1573486 0.2738081 0.1697109 0.3791486 0.1914675 0.1432470 0.4223098 0.2399218 0.4223098 0.2711311 0.2919374 0.2387281 0.2363636 0.4519014 0.3181818 0.3181818 0.4065053 0.2784353 0.2793163 0.5000000 0.5000000 0.5000000
gi|5035416 0.1598262 0.1598262 0.1947158 0.1685486 0.1570492 0.4509831 0.2034382 0.4510198 0.1947158 0.1922237 0.2186045 0.1907045 0.0997353 0.0633476 0.0369576 0.0832619 0.0000000 0.0184359 0.1719363 0.4995564 0.2162692 0.1719363 0.4995564 0.2162692 0.1276034 0.1276034 0.4995172 0.4995172 0.2129137 0.4994099 0.1179291 0.3241278 0.1719363 0.4994660 0.1541905 0.0592059 0.1365781 0.1509434 0.2276852 0.1635367 0.3417150 0.1857000 0.1365781 0.4120639 0.1820721 0.4296511 0.2138649 0.2350601 0.2338441 0.2314354 0.4509249 0.2684788 0.2684788 0.4047576 0.2742936 0.2302292 0.4801737 0.4801737 0.5000000
gi|5838482 0.1660685 0.1660685 0.2003179 0.1746308 0.1633425 0.4518826 0.2088802 0.4519186 0.2003179 0.1978714 0.2237682 0.1963802 0.1070802 0.0713602 0.0454545 0.0909091 0.0184359 0.0000000 0.1779563 0.4995645 0.2214758 0.1779563 0.4995645 0.2214758 0.1344369 0.1344369 0.4995261 0.4995261 0.2181818 0.4994207 0.1249402 0.3273551 0.1779563 0.4994758 0.1605362 0.0672945 0.1432470 0.1573486 0.2326823 0.1697109 0.3446196 0.1914675 0.1432470 0.4136776 0.1879061 0.4309420 0.2191155 0.2399218 0.2387281 0.2363636 0.4518254 0.2727273 0.2727273 0.4065053 0.2784353 0.2351796 0.4805375 0.4805375 0.5000000
gi|5021144 0.1966806 0.1966806 0.2294718 0.2048784 0.1942044 0.4539541 0.2376697 0.4539886 0.2294718 0.2189987 0.2189987 0.2178560 0.2264058 0.1152581 0.1779563 0.1779563 0.1719363 0.1779563 0.0000000 0.4536943 0.0416667 0.1250000 0.4537188 0.1250000 0.0583333 0.0583333 0.4537556 0.4537556 0.1257330 0.4996800 0.0554094 0.3429698 0.0833333 0.4537054 0.0959312 0.1798715 0.1015075 0.1187368 0.3031252 0.1047153 0.3594993 0.1508940 0.1015075 0.4008231 0.2211133 0.4008231 0.2410338 0.3107555 0.3016062 0.2998107 0.4996653 0.3520340 0.3520340 0.4104856 0.2996531 0.3027973 0.5000000 0.5000000 0.5000000
gi|5027183 0.4996140 0.4996140 0.4996622 0.4996260 0.4996108 0.4999323 0.4996743 0.4999324 0.4996622 0.4996473 0.4996473 0.4996477 0.4996100 0.4994716 0.4995645 0.4995645 0.4995564 0.4995645 0.4536943 0.0000000 0.4537188 0.4537801 0.0000000 0.4538169 0.4537556 0.4537556 0.0000001 0.0000001 0.4995133 0.4999996 0.4525668 0.4998297 0.4537556 0.0000001 0.4512671 0.4995705 0.4994495 0.4508486 0.4997103 0.4994183 0.4998541 0.4504309 0.4994495 0.4999149 0.4996629 0.4999149 0.4996922 0.4997215 0.4997461 0.4997438 0.4999996 0.4997823 0.4997823 0.4508129 0.4351208 0.4997098 0.5000000 0.5000000 0.5000000
gi|5053946 0.2376697 0.2376697 0.2704610 0.2458675 0.2355282 0.4540116 0.2786588 0.4540461 0.2704610 0.2603224 0.2603224 0.2606051 0.2349556 0.1580072 0.2214758 0.2214758 0.2162692 0.2214758 0.0416667 0.4537188 0.0000000 0.1416667 0.4537433 0.1416667 0.1000000 0.1000000 0.4537801 0.4537801 0.1692525 0.4997867 0.0981585 0.3677641 0.1000000 0.4537326 0.1134994 0.2269492 0.1421700 0.1364700 0.3031252 0.1134994 0.3842936 0.1687969 0.1421700 0.4256173 0.2709145 0.4256173 0.2908350 0.3107555 0.3447352 0.3433301 0.4997381 0.3520340 0.3520340 0.4104856 0.3232233 0.3027973 0.5000000 0.5000000 0.5000000
gi|1427799 0.2622631 0.2622631 0.2950544 0.2704610 0.2603224 0.4540461 0.3032522 0.4540806 0.2950544 0.2851166 0.2851166 0.2862545 0.1836567 0.1494574 0.1779563 0.1779563 0.1719363 0.1779563 0.1250000 0.4537801 0.1416667 0.0000000 0.4537801 0.1750000 0.0833333 0.0833333 0.4537188 0.4536943 0.1953641 0.4996800 0.0981585 0.4090878 0.0833333 0.4536647 0.0432266 0.1798715 0.0933750 0.0478041 0.3031252 0.0871471 0.4256173 0.0792825 0.0933750 0.4586763 0.3007952 0.4586763 0.3207157 0.3107555 0.3274836 0.3259223 0.4996944 0.3433301 0.3433301 0.3388742 0.2053722 0.3027973 0.5000000 0.5000000 0.5000000
gi|5043250 0.4996140 0.4996140 0.4996622 0.4996260 0.4996108 0.4999323 0.4996743 0.4999324 0.4996622 0.4996473 0.4996473 0.4996477 0.4996100 0.4994967 0.4995645 0.4995645 0.4995564 0.4995645 0.4537188 0.0000000 0.4537433 0.4537801 0.0000000 0.4538169 0.4537556 0.4537556 0.0000001 0.0000001 0.4995133 0.4999996 0.4525668 0.4998297 0.4537556 0.0000001 0.4512671 0.4995428 0.4994495 0.4508486 0.4997103 0.4994183 0.4998541 0.4504309 0.4994495 0.4999149 0.4996629 0.4999149 0.4996922 0.4997215 0.4997461 0.4997438 0.4999996 0.4997823 0.4997823 0.4508129 0.4351208 0.4997098 0.5000000 0.5000000 0.5000000
gi|1062516 0.2294718 0.2294718 0.2622631 0.2376697 0.2272634 0.4540001 0.2704610 0.4540346 0.2622631 0.2437929 0.2189987 0.2606051 0.2264058 0.2264058 0.2127719 0.2127719 0.2162692 0.2214758 0.1250000 0.4538169 0.1416667 0.1750000 0.4538169 0.0000000 0.1500000 0.1500000 0.4538537 0.4538537 0.1866602 0.4997654 0.1409076 0.3594993 0.1250000 0.4538004 0.1574199 0.2363647 0.1747000 0.1542031 0.2735940 0.1662040 0.3760288 0.1956512 0.1747000 0.4173525 0.2908350 0.4338820 0.2709145 0.3107555 0.3274836 0.3259223 0.4997381 0.3607379 0.3607379 0.4373399 0.3232233 0.3027973 0.5000000 0.5000000 0.5000000
gi|1381585 0.2376697 0.2376697 0.2704610 0.2458675 0.2355282 0.4540116 0.2786588 0.4540461 0.2704610 0.2603224 0.2603224 0.2606051 0.1836567 0.0896087 0.1344369 0.1344369 0.1276034 0.1344369 0.0583333 0.4537556 0.1000000 0.0833333 0.4537556 0.1500000 0.0000000 0.0000000 0.4537188 0.4536943 0.1692525 0.4995734 0.0126603 0.3842936 0.0416667 0.4536647 0.0695789 0.1327938 0.0445800 0.0921370 0.3031252 0.0783630 0.4008231 0.1240397 0.0445800 0.4338820 0.2709145 0.4338820 0.2908350 0.3107555 0.3016062 0.2998107 0.4996217 0.3346262 0.3346262 0.3836313 0.2642977 0.3027973 0.5000000 0.5000000 0.5000000
gi|4976759 0.2376697 0.2376697 0.2704610 0.2458675 0.2355282 0.4540116 0.2786588 0.4540461 0.2704610 0.2603224 0.2603224 0.2606051 0.1836567 0.0896087 0.1344369 0.1344369 0.1276034 0.1344369 0.0583333 0.4537556 0.1000000 0.0833333 0.4537556 0.1500000 0.0000000 0.0000000 0.4537188 0.4536943 0.1692525 0.4995734 0.0126603 0.3842936 0.0416667 0.4536647 0.0695789 0.1327938 0.0445800 0.0921370 0.3031252 0.0783630 0.4008231 0.1240397 0.0445800 0.4338820 0.2709145 0.4338820 0.2908350 0.3107555 0.3016062 0.2998107 0.4996217 0.3346262 0.3346262 0.3836313 0.2642977 0.3027973 0.5000000 0.5000000 0.5000000
gi|5021171 0.4996502 0.4996502 0.4996984 0.4996622 0.4996473 0.4999324 0.4997105 0.4999324 0.4996984 0.4996838 0.4996838 0.4996855 0.4995722 0.4994590 0.4995261 0.4995261 0.4995172 0.4995261 0.4537556 0.0000001 0.4537801 0.4537188 0.0000001 0.4538537 0.4537188 0.4537188 0.0000000 0.0000000 0.4995517 0.4999995 0.4525291 0.4998662 0.4537188 0.0000000 0.4512024 0.4995012 0.4994136 0.4507834 0.4997103 0.4993666 0.4998905 0.4503651 0.4994136 0.4999392 0.4997069 0.4999392 0.4997362 0.4997215 0.4997461 0.4997438 0.4999996 0.4997694 0.4997694 0.4507471 0.4350341 0.4997098 0.5000000 0.5000000 0.5000000
gi|4976778 0.4996502 0.4996502 0.4996984 0.4996622 0.4996473 0.4999324 0.4997105 0.4999324 0.4996984 0.4996838 0.4996838 0.4996855 0.4995722 0.4994590 0.4995261 0.4995261 0.4995172 0.4995261 0.4537556 0.0000001 0.4537801 0.4536943 0.0000001 0.4538537 0.4536943 0.4536943 0.0000000 0.0000000 0.4995517 0.4999995 0.4525291 0.4998662 0.4536943 0.0000000 0.4512024 0.4995289 0.4993897 0.4507834 0.4997103 0.4993666 0.4998905 0.4503651 0.4993897 0.4999392 0.4997069 0.4999392 0.4997362 0.4997215 0.4997461 0.4997438 0.4999996 0.4997694 0.4997694 0.4507471 0.4350341 0.4997098 0.5000000 0.5000000 0.5000000
gi|9391519 0.2345672 0.2345672 0.2345672 0.2345672 0.2324004 0.4519667 0.2431296 0.4519667 0.2345672 0.2496649 0.2582971 0.2499601 0.2678201 0.2231701 0.2181818 0.2181818 0.2129137 0.2181818 0.1257330 0.4995133 0.1692525 0.1953641 0.4995133 0.1866602 0.1692525 0.1692525 0.4995517 0.4995517 0.0000000 0.4995990 0.1606602 0.3532518 0.1953641 0.4995041 0.1788856 0.2246420 0.1772234 0.1758703 0.3560597 0.1880603 0.3705163 0.2195159 0.1772234 0.4050453 0.2607280 0.4050453 0.2815343 0.3543562 0.2567469 0.2545455 0.4995745 0.3090909 0.3090909 0.4439032 0.3030536 0.3087408 0.5000000 0.5000000 0.5000000
gi|1002166 0.4995174 0.4995174 0.4995174 0.4995383 0.4995134 0.4999994 0.4995383 0.4999994 0.4995383 0.4995346 0.4996403 0.4995404 0.4995404 0.4994310 0.4994207 0.4995321 0.4994099 0.4994207 0.4996800 0.4999996 0.4997867 0.4996800 0.4999996 0.4997654 0.4995734 0.4995734 0.4999995 0.4999995 0.4995990 0.0000000 0.4995623 0.4997038 0.4996800 0.4999995 0.4996627 0.4993734 0.4995836 0.4996596 0.4996976 0.4996852 0.4997038 0.4996792 0.4995836 0.4998942 0.4994136 0.4999365 0.4994391 0.4996940 0.4994701 0.4994653 0.4999990 0.4995544 0.4995544 0.4999313 0.4996682 0.4998197 0.4999523 0.4999523 0.5000000
gi|5542098 0.2308548 0.2308548 0.2644979 0.2392655 0.2286576 0.4528169 0.2729087 0.4528523 0.2644979 0.2540960 0.2540960 0.2543860 0.1754386 0.0877193 0.1249402 0.1249402 0.1179291 0.1249402 0.0554094 0.4525668 0.0981585 0.0981585 0.4525668 0.1409076 0.0126603 0.0126603 0.4525291 0.4525291 0.1606602 0.4995623 0.0000000 0.3812877 0.0554094 0.4524610 0.0583972 0.1329145 0.0577802 0.0815414 0.2980107 0.0674095 0.3982466 0.1142729 0.0577802 0.4321644 0.2649633 0.4321644 0.2854012 0.3058392 0.2964522 0.2946101 0.4996119 0.3303301 0.3303301 0.3806083 0.2581746 0.2976743 0.5000000 0.5000000 0.5000000
gi|6366656 0.2316984 0.2316984 0.2316984 0.2316984 0.2295082 0.4996237 0.2479591 0.4996237 0.2316984 0.2786885 0.2622951 0.2710549 0.3134521 0.3304110 0.3187229 0.3618841 0.3241278 0.3273551 0.3429698 0.4998297 0.3677641 0.4090878 0.4998297 0.3594993 0.3842936 0.3842936 0.4998662 0.4998662 0.3532518 0.4997038 0.3812877 0.0000000 0.4090878 0.4998520 0.4041701 0.3505912 0.3870821 0.4032703 0.2949829 0.4041701 0.2459016 0.4023446 0.3870821 0.3196721 0.2925565 0.3770492 0.3024348 0.3419478 0.3545680 0.3532518 0.4997835 0.3877808 0.3877808 0.4556112 0.4766238 0.3742703 0.4815195 0.4815195 0.5000000
gi|1062516 0.2622631 0.2622631 0.2950544 0.2704610 0.2603224 0.4540461 0.3032522 0.4540806 0.2950544 0.2851166 0.2851166 0.2862545 0.2093061 0.1323578 0.1779563 0.1779563 0.1719363 0.1779563 0.0833333 0.4537556 0.1000000 0.0833333 0.4537556 0.1250000 0.0416667 0.0416667 0.4537188 0.4536943 0.1953641 0.4996800 0.0554094 0.4090878 0.0000000 0.4536647 0.0695789 0.1798715 0.0852425 0.0921370 0.3031252 0.0783630 0.4256173 0.1240397 0.0852425 0.4586763 0.3007952 0.4586763 0.3207157 0.3107555 0.3274836 0.3259223 0.4996944 0.3433301 0.3433301 0.3836313 0.2642977 0.3027973 0.5000000 0.5000000 0.5000000
gi|3891959 0.4996130 0.4996130 0.4996664 0.4996264 0.4996099 0.4999252 0.4996798 0.4999253 0.4996664 0.4996502 0.4996502 0.4996521 0.4995268 0.4994155 0.4994758 0.4994758 0.4994660 0.4994758 0.4537054 0.0000001 0.4537326 0.4536647 0.0000001 0.4538004 0.4536647 0.4536647 0.0000000 0.0000000 0.4995041 0.4999995 0.4524610 0.4998520 0.4536647 0.0000000 0.4511297 0.4994943 0.4993646 0.4507142 0.4996795 0.4992994 0.4998789 0.4503008 0.4993646 0.4999327 0.4996758 0.4999327 0.4997082 0.4996920 0.4997192 0.4997167 0.4999995 0.4997450 0.4997450 0.4507233 0.4349900 0.4996790 0.5000000 0.5000000 0.5000000
gi|1578315 0.2494033 0.2494033 0.2839684 0.2580446 0.2473576 0.4515603 0.2926097 0.4515967 0.2839684 0.2734930 0.2734930 0.2746925 0.1935818 0.1214834 0.1605362 0.1605362 0.1541905 0.1605362 0.0959312 0.4512671 0.1134994 0.0432266 0.4512671 0.1574199 0.0695789 0.0695789 0.4512024 0.4512024 0.1788856 0.4996627 0.0583972 0.4041701 0.0695789 0.4511297 0.0000000 0.1724798 0.0970968 0.0233437 0.2924757 0.0462963 0.4215937 0.0565248 0.0970968 0.4564410 0.2900197 0.4564410 0.3110178 0.3005188 0.3181518 0.3165060 0.4996779 0.3348554 0.3348554 0.3301584 0.1894350 0.2921301 0.5000000 0.5000000 0.5000000
gi|5035417 0.1850772 0.1850772 0.2221269 0.1943396 0.1825063 0.4480133 0.2313893 0.4480523 0.2221269 0.2011824 0.2385346 0.2005355 0.1232543 0.0652935 0.0672945 0.1164656 0.0592059 0.0672945 0.1798715 0.4995705 0.2269492 0.1798715 0.4995428 0.2363647 0.1327938 0.1327938 0.4995012 0.4995289 0.2246420 0.4993734 0.1329145 0.3505912 0.1798715 0.4994943 0.1724798 0.0000000 0.1416434 0.1694044 0.2553138 0.1824046 0.3599293 0.2066964 0.1416434 0.4439717 0.1736419 0.4626478 0.1961493 0.2524180 0.2563496 0.2541446 0.4995233 0.2934815 0.2934815 0.4393165 0.2603194 0.3090179 0.4789462 0.4789462 0.5000000
gi|1009083 0.2439918 0.2439918 0.2759928 0.2519921 0.2419019 0.4551199 0.2839931 0.4551536 0.2759928 0.2660986 0.2660986 0.2663745 0.1912805 0.1161866 0.1432470 0.1432470 0.1365781 0.1432470 0.1015075 0.4994495 0.1421700 0.0933750 0.4994495 0.1747000 0.0445800 0.0445800 0.4994136 0.4993897 0.1772234 0.4995836 0.0577802 0.3870821 0.0852425 0.4993646 0.0970968 0.1416434 0.0000000 0.1019665 0.3078699 0.1056692 0.4032132 0.1331003 0.0000000 0.4354755 0.2764355 0.4354755 0.2958759 0.3153162 0.3063874 0.3046352 0.4996308 0.3386117 0.3386117 0.3864358 0.2699781 0.3075499 0.5000000 0.5000000 0.5000000
gi|1094959 0.2470503 0.2470503 0.2819399 0.2557727 0.2449853 0.4511055 0.2906623 0.4511422 0.2819399 0.2713662 0.2713662 0.2725769 0.1907045 0.1452199 0.1573486 0.1573486 0.1509434 0.1573486 0.1187368 0.4508486 0.1364700 0.0478041 0.4508486 0.1542031 0.0921370 0.0921370 0.4507834 0.4507834 0.1758703 0.4996596 0.0815414 0.4032703 0.0921370 0.4507142 0.0233437 0.1694044 0.1019665 0.0000000 0.2905271 0.0700747 0.4208575 0.0618849 0.1019665 0.4560320 0.2880480 0.4560320 0.3092432 0.2986456 0.3164442 0.3147831 0.4996749 0.3333047 0.3333047 0.3380879 0.1865188 0.2901783 0.5000000 0.5000000 0.5000000
gi|1011526 0.0932859 0.0932859 0.1417043 0.1417043 0.0899657 0.4455948 0.1320206 0.4456355 0.1707553 0.1778302 0.1778302 0.1667177 0.1970161 0.2374139 0.2224008 0.2738081 0.2276852 0.2326823 0.3031252 0.4997103 0.3031252 0.3031252 0.4997103 0.2735940 0.3031252 0.3031252 0.4997103 0.4997103 0.3560597 0.4996976 0.2980107 0.2949829 0.3031252 0.4996795 0.2924757 0.2553138 0.3078699 0.2905271 0.0000000 0.2924757 0.3145083 0.2990964 0.3078699 0.3242710 0.2411586 0.3926101 0.2411586 0.0999723 0.2248905 0.2224008 0.4995703 0.2326823 0.2326823 0.4259829 0.4721577 0.2337767 0.4779887 0.4779887 0.5000000
gi|1147936 0.2580446 0.2580446 0.2926097 0.2666859 0.2560694 0.4515724 0.3012509 0.4516088 0.2926097 0.2822048 0.2822048 0.2837048 0.1935818 0.1304957 0.1697109 0.1697109 0.1635367 0.1697109 0.1047153 0.4994183 0.1134994 0.0871471 0.4994183 0.1662040 0.0783630 0.0783630 0.4993666 0.4993666 0.1880603 0.4996852 0.0674095 0.4041701 0.0783630 0.4992994 0.0462963 0.1824046 0.1056692 0.0700747 0.2924757 0.0000000 0.4215937 0.1037030 0.1056692 0.4564410 0.3005188 0.4564410 0.3215168 0.3005188 0.3272442 0.3256807 0.4996933 0.3348554 0.3348554 0.3679010 0.2515480 0.2921301 0.5000000 0.5000000 0.5000000
gi|6366656 0.2479591 0.2479591 0.2479591 0.2479591 0.2459016 0.4996465 0.2642198 0.4996465 0.2479591 0.2950820 0.2786885 0.2880138 0.3304110 0.3473699 0.3359874 0.3791486 0.3417150 0.3446196 0.3594993 0.4998541 0.3842936 0.4256173 0.4998541 0.3760288 0.4008231 0.4008231 0.4998905 0.4998905 0.3705163 0.4997038 0.3982466 0.2459016 0.4256173 0.4998789 0.4215937 0.3599293 0.4032132 0.4208575 0.3145083 0.4215937 0.0000000 0.4201002 0.4032132 0.3360656 0.2925565 0.3934426 0.3024348 0.3617044 0.3716776 0.3705163 0.4998124 0.4050453 0.4050453 0.4733667 0.4766238 0.4022102 0.4815195 0.4815195 0.5000000
gi|1578301 0.2534355 0.2534355 0.2886590 0.2622414 0.2514227 0.4506499 0.2974649 0.4506870 0.2886590 0.2780560 0.2691782 0.2795845 0.2244806 0.1693767 0.1914675 0.1914675 0.1857000 0.1914675 0.1508940 0.4504309 0.1687969 0.0792825 0.4504309 0.1956512 0.1240397 0.1240397 0.4503651 0.4503651 0.2195159 0.4996792 0.1142729 0.4023446 0.1240397 0.4503008 0.0565248 0.2066964 0.1331003 0.0618849 0.2990964 0.1037030 0.4201002 0.0000000 0.1331003 0.4556112 0.2967188 0.4556112 0.3181168 0.3074178 0.3239533 0.3223601 0.4996874 0.3410590 0.3410590 0.3269231 0.2468152 0.2881704 0.5000000 0.5000000 0.5000000
gi|1130619 0.2439918 0.2439918 0.2759928 0.2519921 0.2419019 0.4551199 0.2839931 0.4551536 0.2759928 0.2660986 0.2660986 0.2663745 0.1912805 0.1161866 0.1432470 0.1432470 0.1365781 0.1432470 0.1015075 0.4994495 0.1421700 0.0933750 0.4994495 0.1747000 0.0445800 0.0445800 0.4994136 0.4993897 0.1772234 0.4995836 0.0577802 0.3870821 0.0852425 0.4993646 0.0970968 0.1416434 0.0000000 0.1019665 0.3078699 0.1056692 0.4032132 0.1331003 0.0000000 0.4354755 0.2764355 0.4354755 0.2958759 0.3153162 0.3063874 0.3046352 0.4996308 0.3386117 0.3386117 0.3864358 0.2699781 0.3075499 0.5000000 0.5000000 0.5000000
gi|6366656 0.2886109 0.2886109 0.2886109 0.2886109 0.2868852 0.4997035 0.2886109 0.4997035 0.2886109 0.3688525 0.3360656 0.3643288 0.3982466 0.4152055 0.4050453 0.4223098 0.4120639 0.4136776 0.4008231 0.4999149 0.4256173 0.4586763 0.4999149 0.4173525 0.4338820 0.4338820 0.4999392 0.4999392 0.4050453 0.4998942 0.4321644 0.3196721 0.4586763 0.4999327 0.4564410 0.4439717 0.4354755 0.4560320 0.3242710 0.4564410 0.3360656 0.4556112 0.4354755 0.0000000 0.4012174 0.3360656 0.4110957 0.4110957 0.4058969 0.4050453 0.4998701 0.4395743 0.4395743 0.4556112 0.5000000 0.4301502 0.5000000 0.5000000 0.5000000
gi|1011526 0.0884726 0.0884726 0.1374639 0.1374639 0.0949914 0.4994916 0.1374639 0.4995328 0.1668587 0.1345044 0.1838957 0.1321164 0.2445253 0.2036493 0.1879061 0.2399218 0.1820721 0.1879061 0.2211133 0.4996629 0.2709145 0.3007952 0.4996629 0.2908350 0.2709145 0.2709145 0.4997069 0.4997069 0.2607280 0.4994136 0.2649633 0.2925565 0.3007952 0.4996758 0.2900197 0.1736419 0.2764355 0.2880480 0.2411586 0.3005188 0.2925565 0.2967188 0.2764355 0.4012174 0.0000000 0.4209739 0.0595238 0.2380952 0.2422543 0.2399218 0.4995305 0.3023405 0.3023405 0.5000000 0.3591410 0.3821489 0.4777282 0.4777282 0.5000000
gi|3399611 0.3455233 0.3455233 0.3455233 0.3455233 0.3442623 0.4997834 0.3455233 0.4997834 0.3455233 0.4016393 0.3852459 0.3982466 0.4406439 0.4321644 0.4223098 0.4223098 0.4296511 0.4309420 0.4008231 0.4999149 0.4256173 0.4586763 0.4999149 0.4338820 0.4338820 0.4338820 0.4999392 0.4999392 0.4050453 0.4999365 0.4321644 0.3770492 0.4586763 0.4999327 0.4564410 0.4626478 0.4354755 0.4560320 0.3926101 0.4564410 0.3934426 0.4556112 0.4354755 0.3360656 0.4209739 0.0000000 0.4308522 0.4506087 0.4230066 0.4223098 0.4998990 0.4568388 0.4568388 0.4556112 0.5000000 0.4301502 0.5000000 0.5000000 0.5000000
gi|1011534 0.1374639 0.1374639 0.1864553 0.1864553 0.1345044 0.4995603 0.1864553 0.4996015 0.2158501 0.0851131 0.1345044 0.1321164 0.2751822 0.2240873 0.2191155 0.2711311 0.2138649 0.2191155 0.2410338 0.4996922 0.2908350 0.3207157 0.4996922 0.2709145 0.2908350 0.2908350 0.4997362 0.4997362 0.2815343 0.4994391 0.2854012 0.3024348 0.3207157 0.4997082 0.3110178 0.1961493 0.2958759 0.3092432 0.2411586 0.3215168 0.3024348 0.3181168 0.2958759 0.4110957 0.0595238 0.4308522 0.0000000 0.2380952 0.2525642 0.2503249 0.4995826 0.3127437 0.3127437 0.5000000 0.3873128 0.3821489 0.4777282 0.4777282 0.5000000
gi|1011534 0.1766570 0.1766570 0.2256484 0.2256484 0.1740174 0.4450746 0.2158501 0.4451158 0.2550432 0.0949914 0.1937739 0.0810215 0.2445253 0.2445253 0.2399218 0.2919374 0.2350601 0.2399218 0.3107555 0.4997215 0.3107555 0.3107555 0.4997215 0.3107555 0.3107555 0.3107555 0.4997215 0.4997215 0.3543562 0.4996940 0.3058392 0.3419478 0.3107555 0.4996920 0.3005188 0.2524180 0.3153162 0.2986456 0.0999723 0.3005188 0.3617044 0.3074178 0.3153162 0.4110957 0.2380952 0.4506087 0.2380952 0.0000000 0.2422543 0.2399218 0.4995652 0.2399218 0.2399218 0.4358059 0.4718282 0.2474619 0.4777282 0.4777282 0.5000000
gi|1188287 0.2030056 0.2030056 0.2114912 0.2369479 0.2005812 0.4523975 0.2030056 0.4523975 0.2369479 0.2262456 0.2519101 0.2256530 0.2787524 0.2433528 0.1936813 0.2387281 0.2338441 0.2387281 0.3016062 0.4997461 0.3447352 0.3274836 0.4997461 0.3274836 0.3016062 0.3016062 0.4997461 0.4997461 0.2567469 0.4994701 0.2964522 0.3545680 0.3274836 0.4997192 0.3181518 0.2563496 0.3063874 0.3164442 0.2248905 0.3272442 0.3716776 0.3239533 0.3063874 0.4058969 0.2422543 0.4230066 0.2525642 0.2422543 0.0000000 0.0225031 0.4521521 0.1666531 0.1666531 0.4351407 0.4268075 0.2667153 0.4807121 0.4807121 0.5000000
gi|1188286 0.2003179 0.2003179 0.2088802 0.2345672 0.1978714 0.4519667 0.2003179 0.4519667 0.2345672 0.2237682 0.2496649 0.2231701 0.2767501 0.2410301 0.1909091 0.2363636 0.2314354 0.2363636 0.2998107 0.4997438 0.3433301 0.3259223 0.4997438 0.3259223 0.2998107 0.2998107 0.4997438 0.4997438 0.2545455 0.4994653 0.2946101 0.3532518 0.3259223 0.4997167 0.3165060 0.2541446 0.3046352 0.3147831 0.2224008 0.3256807 0.3705163 0.3223601 0.3046352 0.4050453 0.2399218 0.4223098 0.2503249 0.2399218 0.0225031 0.0000000 0.4517191 0.1454545 0.1454545 0.4345537 0.4261451 0.2646040 0.4805375 0.4805375 0.5000000
gi|8511881 0.4994990 0.4994990 0.4995133 0.4995563 0.4994949 0.4999197 0.4994990 0.4999197 0.4995563 0.4995382 0.4996104 0.4995372 0.4995820 0.4995223 0.4518254 0.4519014 0.4509249 0.4518254 0.4996653 0.4999996 0.4997381 0.4996944 0.4999996 0.4997381 0.4996217 0.4996217 0.4999996 0.4999996 0.4995745 0.4999990 0.4996119 0.4997835 0.4996944 0.4999995 0.4996779 0.4995233 0.4996308 0.4996749 0.4995703 0.4996933 0.4998124 0.4996874 0.4996308 0.4998701 0.4995305 0.4998990 0.4995826 0.4995652 0.4521521 0.4517191 0.0000000 0.4517494 0.4517494 0.4998906 0.4998354 0.4996311 0.4999675 0.4999675 0.5000000
gi|4963623 0.2602543 0.2602543 0.2688166 0.2945037 0.2582971 0.4520507 0.2602543 0.4520507 0.2945037 0.2755616 0.3100906 0.2767501 0.2678201 0.2767501 0.2727273 0.3181818 0.2684788 0.2727273 0.3520340 0.4997823 0.3520340 0.3433301 0.4997823 0.3607379 0.3346262 0.3346262 0.4997694 0.4997694 0.3090909 0.4995544 0.3303301 0.3877808 0.3433301 0.4997450 0.3348554 0.2934815 0.3386117 0.3333047 0.2326823 0.3348554 0.4050453 0.3410590 0.3386117 0.4395743 0.3023405 0.4568388 0.3127437 0.2399218 0.1666531 0.1454545 0.4517494 0.0000000 0.0454545 0.4252042 0.4507634 0.2646040 0.4805375 0.4805375 0.5000000
gi|5035033 0.2602543 0.2602543 0.2688166 0.2945037 0.2582971 0.4520507 0.2602543 0.4520507 0.2945037 0.2755616 0.3100906 0.2767501 0.2678201 0.2767501 0.2727273 0.3181818 0.2684788 0.2727273 0.3520340 0.4997823 0.3520340 0.3433301 0.4997823 0.3607379 0.3346262 0.3346262 0.4997694 0.4997694 0.3090909 0.4995544 0.3303301 0.3877808 0.3433301 0.4997450 0.3348554 0.2934815 0.3386117 0.3333047 0.2326823 0.3348554 0.4050453 0.3410590 0.3386117 0.4395743 0.3023405 0.4568388 0.3127437 0.2399218 0.1666531 0.1454545 0.4517494 0.0454545 0.0000000 0.4252042 0.4507634 0.2646040 0.4805375 0.4805375 0.5000000
gi|1227483 0.4383589 0.4383589 0.4383589 0.4383589 0.4378557 0.4999136 0.4383589 0.4999136 0.4383589 0.4467334 0.4378557 0.4448961 0.4081602 0.3806083 0.4065053 0.4065053 0.4047576 0.4065053 0.4104856 0.4508129 0.4104856 0.3388742 0.4508129 0.4373399 0.3836313 0.3836313 0.4507471 0.4507471 0.4439032 0.4999313 0.3806083 0.4556112 0.3836313 0.4507233 0.3301584 0.4393165 0.3864358 0.3380879 0.4259829 0.3679010 0.4733667 0.3269231 0.3864358 0.4556112 0.5000000 0.4556112 0.5000000 0.4358059 0.4351407 0.4345537 0.4998906 0.4252042 0.4252042 0.0000000 0.3987261 0.3940852 0.5000000 0.5000000 0.5000000
gi|913749| 0.3840653 0.3840653 0.3956587 0.3956587 0.3831189 0.4998537 0.3840653 0.4998537 0.3956587 0.4064951 0.4181832 0.4153611 0.3186309 0.2823571 0.2784353 0.2784353 0.2742936 0.2784353 0.2996531 0.4351208 0.3232233 0.2053722 0.4351208 0.3232233 0.2642977 0.2642977 0.4350341 0.4350341 0.3030536 0.4996682 0.2581746 0.4766238 0.2642977 0.4349900 0.1894350 0.2603194 0.2699781 0.1865188 0.4721577 0.2515480 0.4766238 0.2468152 0.2699781 0.5000000 0.3591410 0.5000000 0.3873128 0.4718282 0.4268075 0.4261451 0.4998354 0.4507634 0.4507634 0.3987261 0.0000000 0.5000000 0.5000000 0.5000000 0.5000000
gi|5838477 0.2782904 0.2782904 0.2782904 0.2782904 0.2764805 0.4225569 0.2782904 0.4225569 0.2782904 0.2904505 0.2764805 0.2832225 0.2687707 0.2687707 0.2646040 0.2793163 0.2302292 0.2351796 0.3027973 0.4997098 0.3027973 0.3027973 0.4997098 0.3027973 0.3027973 0.3027973 0.4997098 0.4997098 0.3087408 0.4998197 0.2976743 0.3742703 0.3027973 0.4996790 0.2921301 0.3090179 0.3075499 0.2901783 0.2337767 0.2921301 0.4022102 0.2881704 0.3075499 0.4301502 0.3821489 0.4301502 0.3821489 0.2474619 0.2667153 0.2646040 0.4996311 0.2646040 0.2646040 0.3940852 0.5000000 0.0000000 0.5000000 0.5000000 0.5000000
gi|9280631 0.4816691 0.4816691 0.4816691 0.4816691 0.4815195 0.4999743 0.4816691 0.4999743 0.4816691 0.4815195 0.5000000 0.4808820 0.4808820 0.4808820 0.4805375 0.5000000 0.4801737 0.4805375 0.5000000 0.5000000 0.5000000 0.5000000 0.5000000 0.5000000 0.5000000 0.5000000 0.5000000 0.5000000 0.5000000 0.4999523 0.5000000 0.4815195 0.5000000 0.5000000 0.5000000 0.4789462 0.5000000 0.5000000 0.4779887 0.5000000 0.4815195 0.5000000 0.5000000 0.5000000 0.4777282 0.5000000 0.4777282 0.4777282 0.4807121 0.4805375 0.4999675 0.4805375 0.4805375 0.5000000 0.5000000 0.5000000 0.0000000 -0.0000000 0.5000000
gi|9280807 0.4816691 0.4816691 0.4816691 0.4816691 0.4815195 0.4999743 0.4816691 0.4999743 0.4816691 0.4815195 0.5000000 0.4808820 0.4808820 0.4808820 0.4805375 0.5000000 0.4801737 0.4805375 0.5000000 0.5000000 0.5000000 0.5000000 0.5000000 0.5000000 0.5000000 0.5000000 0.5000000 0.5000000 0.5000000 0.4999523 0.5000000 0.4815195 0.5000000 0.5000000 0.5000000 0.4789462 0.5000000 0.5000000 0.4779887 0.5000000 0.4815195 0.5000000 0.5000000 0.5000000 0.4777282 0.5000000 0.4777282 0.4777282 0.4807121 0.4805375 0.4999675 0.4805375 0.4805375 0.5000000 0.5000000 0.5000000 -0.0000000 0.0000000 0.5000000
gi|1176623 0.5000000 0.5000000 0.5000000 0.5000000 0.5000000 0.5000000 0.5000000 0.5000000 0.5000000 0.5000000 0.5000000 0.5000000 0.5000000 0.5000000 0.5000000 0.5000000 0.5000000 0.5000000 0.5000000 0.5000000 0.5000000 0.5000000 0.5000000 0.5000000 0.5000000 0.5000000 0.5000000 0.5000000 0.5000000 0.5000000 0.5000000 0.5000000 0.5000000 0.5000000 0.5000000 0.5000000 0.5000000 0.5000000 0.5000000 0.5000000 0.5000000 0.5000000 0.5000000 0.5000000 0.5000000 0.5000000 0.5000000 0.5000000 0.5000000 0.5000000 0.5000000 0.5000000 0.5000000 0.5000000 0.5000000 0.5000000 0.5000000 0.5000000 0.0000000
