   59
gi|7353547 0.0000000 0.1111111 0.1621622 0.1621622 0.1126761 0.1621622 0.1369863 0.2077922 0.2105263 0.2500000 0.2500000 0.2400000 0.3291139 0.3456790 0.3544304 0.3950617 0.3376623 0.3333333 0.4235294 0.4545455 0.4545455 0.4615385 0.4545455 0.4494382 0.4545455 0.4545455 0.4888889 0.4835165 0.4470588 0.5434783 0.4470588 0.4893617 0.4835165 0.4772727 0.4651163 0.4303797 0.4615385 0.4651163 0.3561644 0.4943820 0.4893617 0.5057471 0.4615385 0.6122449 0.3380282 0.6200000 0.4155844 0.4000000 0.4337349 0.4197531 0.4050633 0.4827586 0.4827586 0.7592593 0.6666667 0.6486486 0.8468468 0.8468468 0.8990826
gi|4995962 0.1111111 0.0000000 0.1621622 0.1621622 0.1126761 0.1621622 0.1369863 0.2077922 0.2105263 0.2500000 0.2500000 0.2400000 0.3291139 0.3456790 0.3544304 0.3950617 0.3376623 0.3333333 0.4235294 0.4545455 0.4545455 0.4615385 0.4545455 0.4494382 0.4545455 0.4545455 0.4888889 0.4835165 0.4470588 0.5434783 0.4470588 0.4893617 0.4835165 0.4772727 0.4651163 0.4303797 0.4615385 0.4651163 0.3561644 0.4943820 0.4893617 0.5057471 0.4615385 0.6122449 0.3380282 0.6200000 0.4155844 0.4000000 0.4337349 0.4197531 0.4050633 0.4827586 0.4827586 0.7592593 0.6666667 0.6486486 0.8468468 0.8468468 0.8990826
gi|6168025 0.1621622 0.1621622 0.0000000 0.2105263 0.1643836 0.2105263 0.1866667 0.1600000 0.2105263 0.2926829 0.2926829 0.2857143 0.3703704 0.3658537 0.3750000 0.4146341 0.3797468 0.3750000 0.4418605 0.4719101 0.4719101 0.4946237 0.4719101 0.4666667 0.4719101 0.4719101 0.5054945 0.5000000 0.4651163 0.5744681 0.4651163 0.5052632 0.5000000 0.4943820 0.4827586 0.4691358 0.4782609 0.5000000 0.4000000 0.5111111 0.4893617 0.5227273 0.4782609 0.5833333 0.3835616 0.6060606 0.4556962 0.4415584 0.4523810 0.4390244 0.4250000 0.5168539 0.5168539 0.7476636 0.6987952 0.6486486 0.8468468 0.8468468 0.8785047
gi|6168024 0.1621622 0.1621622 0.2105263 0.0000000 0.1643836 0.1621622 0.1866667 0.2077922 0.1621622 0.2926829 0.2926829 0.2857143 0.3703704 0.3855422 0.3950617 0.4337349 0.3797468 0.3750000 0.4597701 0.4888889 0.4888889 0.4946237 0.4888889 0.4835165 0.4888889 0.4888889 0.5217391 0.5161290 0.4827586 0.5744681 0.4827586 0.4893617 0.5161290 0.5111111 0.5000000 0.4691358 0.4946237 0.5000000 0.4000000 0.5274725 0.4893617 0.5057471 0.4946237 0.6122449 0.3835616 0.6200000 0.4556962 0.4415584 0.4705882 0.4578313 0.4444444 0.5168539 0.5168539 0.7706422 0.6987952 0.6666667 0.8468468 0.8468468 0.8888889
gi|1578337 0.1126761 0.1126761 0.1643836 0.1643836 0.0000000 0.1643836 0.1388889 0.2105263 0.2133333 0.2531646 0.2531646 0.2432432 0.3333333 0.3500000 0.3376623 0.3797468 0.3421053 0.3157895 0.4096386 0.4418605 0.4418605 0.4494382 0.4418605 0.4367816 0.4418605 0.4418605 0.4772727 0.4719101 0.4523810 0.5494505 0.4337349 0.4782609 0.4719101 0.4651163 0.4705882 0.4155844 0.4494382 0.4705882 0.3380282 0.4827586 0.4946237 0.4941176 0.4494382 0.6041667 0.3428571 0.6122449 0.4000000 0.4054054 0.4390244 0.4250000 0.4102564 0.4705882 0.4705882 0.7777778 0.6582278 0.6575342 0.8545455 0.8545455 0.9074074
gi|6168025 0.1621622 0.1621622 0.2105263 0.1621622 0.1643836 0.0000000 0.1866667 0.1600000 0.2105263 0.2926829 0.2926829 0.2857143 0.3703704 0.3855422 0.3950617 0.4337349 0.3797468 0.3750000 0.4597701 0.4888889 0.4888889 0.4946237 0.4888889 0.4835165 0.4888889 0.4888889 0.5217391 0.5161290 0.4827586 0.5744681 0.4827586 0.4893617 0.5161290 0.5111111 0.5000000 0.4691358 0.4946237 0.5000000 0.4000000 0.5274725 0.4893617 0.5057471 0.4946237 0.6122449 0.3835616 0.6200000 0.4556962 0.4415584 0.4705882 0.4578313 0.4444444 0.5168539 0.5168539 0.7706422 0.6987952 0.6666667 0.8468468 0.8468468 0.8990826
gi|6168045 0.1369863 0.1369863 0.1866667 0.1866667 0.1388889 0.1866667 0.0000000 0.2307692 0.2337662 0.2716049 0.2716049 0.2631579 0.3500000 0.3658537 0.3950617 0.4337349 0.3797468 0.3750000 0.4418605 0.4719101 0.4719101 0.4946237 0.4888889 0.4835165 0.4888889 0.4888889 0.5217391 0.5161290 0.4651163 0.5591398 0.4651163 0.5052632 0.5161290 0.4943820 0.4827586 0.4691358 0.4946237 0.4827586 0.4000000 0.5111111 0.5052632 0.5227273 0.4946237 0.6122449 0.3611111 0.6060606 0.4358974 0.4415584 0.4523810 0.4578313 0.4444444 0.5168539 0.5168539 0.7592593 0.6500000 0.6301370 0.8571429 0.8571429 0.9090909
gi|6168046 0.2077922 0.2077922 0.1600000 0.2077922 0.2105263 0.1600000 0.2307692 0.0000000 0.2077922 0.3294118 0.3294118 0.3250000 0.4047619 0.4000000 0.4096386 0.4470588 0.4146341 0.4096386 0.4719101 0.5000000 0.5000000 0.5208333 0.5000000 0.4946237 0.5000000 0.5000000 0.5319149 0.5263158 0.4772727 0.5684211 0.4943820 0.5000000 0.5263158 0.5217391 0.5111111 0.5000000 0.5052632 0.5274725 0.4358974 0.5376344 0.4842105 0.5168539 0.5052632 0.5773196 0.4210526 0.6138614 0.4878049 0.4750000 0.4827586 0.4705882 0.4578313 0.5434783 0.5434783 0.7522936 0.7209302 0.6578947 0.8392857 0.8392857 0.8703704
gi|6168024 0.2105263 0.2105263 0.2105263 0.1621622 0.2133333 0.2105263 0.2337662 0.2077922 0.0000000 0.3333333 0.3333333 0.3291139 0.4096386 0.4235294 0.4337349 0.4705882 0.4197531 0.4146341 0.4943820 0.5217391 0.5217391 0.5263158 0.5217391 0.5161290 0.5217391 0.5217391 0.5531915 0.5473684 0.4827586 0.5744681 0.5168539 0.5052632 0.5473684 0.5434783 0.5333333 0.5060241 0.5263158 0.5333333 0.4415584 0.5591398 0.4893617 0.5393258 0.5263158 0.6122449 0.4266667 0.6200000 0.4938272 0.4810127 0.5057471 0.4941176 0.4819277 0.5494505 0.5494505 0.7706422 0.7294118 0.6666667 0.8468468 0.8468468 0.8888889
gi|4995965 0.2500000 0.2500000 0.2926829 0.2926829 0.2531646 0.2926829 0.2716049 0.3294118 0.3333333 0.0000000 0.1538462 0.1621622 0.3809524 0.3764706 0.4047619 0.4418605 0.3902439 0.3658537 0.4494382 0.4615385 0.4782609 0.4842105 0.4782609 0.4044944 0.4782609 0.4782609 0.5106383 0.4893617 0.4367816 0.5473684 0.4719101 0.5252525 0.5052632 0.4835165 0.4888889 0.4390244 0.4842105 0.4719101 0.4102564 0.5000000 0.5102041 0.5111111 0.4842105 0.6666667 0.3947368 0.6851852 0.2972973 0.3243243 0.4597701 0.4470588 0.4146341 0.4888889 0.4888889 0.7567568 0.6506024 0.6493506 0.8318584 0.8318584 0.8828829
gi|5660469 0.2500000 0.2500000 0.2926829 0.2926829 0.2531646 0.2926829 0.2716049 0.3294118 0.3333333 0.1538462 0.0000000 0.2564103 0.3809524 0.3764706 0.4047619 0.4418605 0.4096386 0.4047619 0.4494382 0.4615385 0.4782609 0.4842105 0.4782609 0.4044944 0.4782609 0.4782609 0.5106383 0.4893617 0.4719101 0.5625000 0.4719101 0.5252525 0.5052632 0.4835165 0.4888889 0.4761905 0.4842105 0.5054945 0.4102564 0.5000000 0.5102041 0.5111111 0.4842105 0.6666667 0.4358974 0.6476190 0.3421053 0.4102564 0.4597701 0.4470588 0.4523810 0.5054945 0.5054945 0.7339450 0.6823529 0.6493506 0.8521739 0.8521739 0.8928571
gi|1011529 0.2400000 0.2400000 0.2857143 0.2857143 0.2432432 0.2857143 0.2631579 0.3250000 0.3291139 0.1621622 0.2564103 0.0000000 0.4000000 0.3950617 0.4050633 0.4444444 0.3896104 0.3636364 0.4705882 0.4827586 0.5000000 0.5054945 0.4827586 0.4597701 0.5000000 0.5000000 0.5168539 0.5111111 0.4578313 0.5555556 0.4941176 0.5161290 0.5274725 0.5057471 0.5116279 0.4415584 0.5054945 0.4761905 0.3888889 0.5227273 0.5000000 0.5348837 0.5054945 0.6800000 0.3943662 0.6732673 0.4054054 0.2941176 0.4634146 0.4500000 0.4358974 0.4941176 0.4941176 0.7850467 0.6835443 0.6478873 0.8411215 0.8411215 0.8952381
gi|1386577 0.3291139 0.3291139 0.3703704 0.3703704 0.3333333 0.3703704 0.3500000 0.4047619 0.4096386 0.3809524 0.3809524 0.4000000 0.0000000 0.2666667 0.2500000 0.2972973 0.2535211 0.2500000 0.4146341 0.4470588 0.4470588 0.3614458 0.4470588 0.4418605 0.3703704 0.3703704 0.4096386 0.4047619 0.4578313 0.5555556 0.3376623 0.5319149 0.4047619 0.3750000 0.3589744 0.3561644 0.3809524 0.3797468 0.4736842 0.3544304 0.5625000 0.4050633 0.3809524 0.7058824 0.4594595 0.7115385 0.4675325 0.4935065 0.4634146 0.4691358 0.4155844 0.4578313 0.4578313 0.7254902 0.5945946 0.6666667 0.8190476 0.8190476 0.8952381
gi|4992873 0.3456790 0.3456790 0.3658537 0.3855422 0.3500000 0.3855422 0.3658537 0.4000000 0.4235294 0.3764706 0.3764706 0.3950617 0.2666667 0.0000000 0.2222222 0.2702703 0.2253521 0.1971831 0.2400000 0.2820513 0.2820513 0.2750000 0.3037975 0.4000000 0.2368421 0.2368421 0.2597403 0.2564103 0.3750000 0.5000000 0.2191781 0.5416667 0.2784810 0.2631579 0.2666667 0.2571429 0.2750000 0.2894737 0.5250000 0.3076923 0.5714286 0.3376623 0.2750000 0.6990291 0.4109589 0.7289720 0.4415584 0.5250000 0.4390244 0.4444444 0.3684211 0.4523810 0.4523810 0.7058824 0.5479452 0.6197183 0.8333333 0.8333333 0.8761905
gi|5035429 0.3544304 0.3544304 0.3750000 0.3950617 0.3376623 0.3950617 0.3950617 0.4096386 0.4337349 0.4047619 0.4047619 0.4050633 0.2500000 0.2222222 0.0000000 0.1764706 0.1515152 0.1492537 0.3797468 0.3950617 0.4146341 0.3658537 0.3950617 0.4096386 0.3333333 0.3333333 0.3544304 0.3500000 0.4050633 0.5116279 0.3200000 0.5684211 0.3703704 0.3376623 0.3421053 0.2647059 0.3658537 0.3421053 0.5194805 0.3589744 0.5684211 0.3684211 0.3658537 0.7128713 0.4000000 0.7058824 0.4324324 0.5384615 0.3896104 0.3733333 0.3561644 0.4444444 0.4444444 0.7450980 0.5428571 0.6176471 0.8269231 0.8269231 0.8823529
gi|1386580 0.3950617 0.3950617 0.4146341 0.4337349 0.3797468 0.4337349 0.4337349 0.4470588 0.4705882 0.4418605 0.4418605 0.4444444 0.2972973 0.2702703 0.1764706 0.0000000 0.2058824 0.2028986 0.3797468 0.3950617 0.4146341 0.3658537 0.3950617 0.4096386 0.3333333 0.3333333 0.3544304 0.3500000 0.4050633 0.5454545 0.3200000 0.5979381 0.3703704 0.3376623 0.3421053 0.3142857 0.3658537 0.3421053 0.5569620 0.3589744 0.5979381 0.3684211 0.3658537 0.7378641 0.4444444 0.7058824 0.4736842 0.5750000 0.4303797 0.4155844 0.4000000 0.4819277 0.4819277 0.7450980 0.5428571 0.6176471 0.8490566 0.8490566 0.8823529
gi|5035416 0.3376623 0.3376623 0.3797468 0.3797468 0.3421053 0.3797468 0.3797468 0.4146341 0.4197531 0.3902439 0.4096386 0.3896104 0.2535211 0.2253521 0.1515152 0.2058824 0.0000000 0.0937500 0.3846154 0.4000000 0.4197531 0.3703704 0.4000000 0.4337349 0.3376623 0.3376623 0.3589744 0.3544304 0.4102564 0.5176471 0.3013699 0.5744681 0.3750000 0.3200000 0.3243243 0.2686567 0.3703704 0.3243243 0.5263158 0.3421053 0.5744681 0.3513514 0.3703704 0.7326733 0.3823529 0.7254902 0.4166667 0.5454545 0.4155844 0.4000000 0.3380282 0.4303797 0.4303797 0.7400000 0.5294118 0.5846154 0.8349515 0.8349515 0.8910891
gi|5838482 0.3333333 0.3333333 0.3750000 0.3750000 0.3157895 0.3750000 0.3750000 0.4096386 0.4146341 0.3658537 0.4047619 0.3636364 0.2500000 0.1971831 0.1492537 0.2028986 0.0937500 0.0000000 0.3589744 0.3750000 0.3950617 0.3456790 0.3750000 0.4096386 0.3116883 0.3116883 0.3333333 0.3291139 0.3636364 0.4941176 0.2972973 0.5531915 0.3500000 0.3157895 0.3200000 0.2388060 0.3456790 0.3200000 0.5000000 0.3376623 0.5531915 0.3466667 0.3456790 0.7128713 0.3768116 0.7058824 0.4109589 0.5000000 0.4102564 0.3947368 0.3098592 0.4250000 0.4250000 0.7200000 0.5217391 0.5538462 0.8155340 0.8155340 0.8712871
gi|5021144 0.4235294 0.4235294 0.4418605 0.4597701 0.4096386 0.4597701 0.4418605 0.4719101 0.4943820 0.4494382 0.4494382 0.4705882 0.4146341 0.2400000 0.3797468 0.3797468 0.3846154 0.3589744 0.0000000 0.1643836 0.1643836 0.2750000 0.1891892 0.3000000 0.2133333 0.2133333 0.2368421 0.2337662 0.3116883 0.6105263 0.1944444 0.6000000 0.2564103 0.2400000 0.2432432 0.4155844 0.2750000 0.2666667 0.5952381 0.2857143 0.6138614 0.3376623 0.2750000 0.7358491 0.4736842 0.7407407 0.5000000 0.5952381 0.5287356 0.5176471 0.5060241 0.5555556 0.5555556 0.7307692 0.5866667 0.6933333 0.8545455 0.8545455 0.8867925
gi|5027183 0.4545455 0.4545455 0.4719101 0.4888889 0.4418605 0.4888889 0.4719101 0.5000000 0.5217391 0.4615385 0.4615385 0.4827586 0.4470588 0.2820513 0.3950617 0.3950617 0.4000000 0.3750000 0.1643836 0.0000000 0.2105263 0.2051282 0.1111111 0.2750000 0.2337662 0.2337662 0.1621622 0.1600000 0.3500000 0.6326531 0.2400000 0.6213592 0.2307692 0.1891892 0.1917808 0.4303797 0.2926829 0.2162162 0.5882353 0.2368421 0.6346154 0.2894737 0.2926829 0.7522936 0.5063291 0.7567568 0.5121951 0.5882353 0.5393258 0.5454545 0.5176471 0.5652174 0.5652174 0.6990291 0.5600000 0.6666667 0.8571429 0.8571429 0.8888889
gi|5053946 0.4545455 0.4545455 0.4719101 0.4888889 0.4418605 0.4888889 0.4719101 0.5000000 0.5217391 0.4782609 0.4782609 0.5000000 0.4470588 0.2820513 0.4146341 0.4146341 0.4197531 0.3950617 0.1643836 0.2105263 0.0000000 0.3132530 0.2337662 0.3373494 0.2564103 0.2564103 0.2784810 0.2750000 0.3500000 0.6326531 0.2400000 0.6213592 0.2962963 0.2820513 0.2857143 0.4500000 0.3132530 0.3076923 0.6046512 0.2820513 0.6346154 0.3750000 0.3132530 0.7522936 0.5063291 0.7567568 0.5301205 0.6046512 0.5555556 0.5454545 0.5348837 0.5494505 0.5494505 0.7476636 0.6153846 0.6842105 0.8468468 0.8468468 0.8785047
gi|1427799 0.4615385 0.4615385 0.4946237 0.4946237 0.4494382 0.4946237 0.4946237 0.5208333 0.5263158 0.4842105 0.4842105 0.5054945 0.3614458 0.2750000 0.3658537 0.3658537 0.3703704 0.3456790 0.2750000 0.2051282 0.3132530 0.0000000 0.2051282 0.3294118 0.2051282 0.2051282 0.1578947 0.1558442 0.4000000 0.5918367 0.2337662 0.6355140 0.2025316 0.1842105 0.1621622 0.4000000 0.2222222 0.1866667 0.5747126 0.2077922 0.6355140 0.2368421 0.2222222 0.7610619 0.5476190 0.7543860 0.5348837 0.6067416 0.5434783 0.5494505 0.4883721 0.5376344 0.5376344 0.6601942 0.5263158 0.6666667 0.8214286 0.8214286 0.8828829
gi|5043250 0.4545455 0.4545455 0.4719101 0.4888889 0.4418605 0.4888889 0.4888889 0.5000000 0.5217391 0.4782609 0.4782609 0.4827586 0.4470588 0.3037975 0.3950617 0.3950617 0.4000000 0.3750000 0.1891892 0.1111111 0.2337662 0.2051282 0.0000000 0.2750000 0.2337662 0.2337662 0.1621622 0.1600000 0.3703704 0.6326531 0.2400000 0.6346154 0.2307692 0.1891892 0.1917808 0.4102564 0.2926829 0.2162162 0.5882353 0.2368421 0.6346154 0.2894737 0.2926829 0.7522936 0.5063291 0.7567568 0.5121951 0.6046512 0.5227273 0.5454545 0.5348837 0.5652174 0.5652174 0.6990291 0.5600000 0.6666667 0.8571429 0.8571429 0.8888889
gi|1062516 0.4494382 0.4494382 0.4666667 0.4835165 0.4367816 0.4835165 0.4835165 0.4946237 0.5161290 0.4044944 0.4044944 0.4597701 0.4418605 0.4000000 0.4096386 0.4096386 0.4337349 0.4096386 0.3000000 0.2750000 0.3373494 0.3294118 0.2750000 0.0000000 0.2962963 0.2962963 0.3170732 0.2926829 0.4047619 0.6534653 0.3037975 0.6285714 0.2500000 0.3000000 0.3037975 0.4819277 0.3488372 0.3250000 0.5476190 0.3414634 0.6019417 0.3703704 0.3488372 0.7339450 0.5365854 0.7500000 0.4878049 0.5647059 0.5333333 0.5227273 0.5617978 0.5744681 0.5744681 0.7289720 0.6075949 0.6753247 0.8392857 0.8392857 0.8909091
gi|1381585 0.4545455 0.4545455 0.4719101 0.4888889 0.4418605 0.4888889 0.4888889 0.5000000 0.5217391 0.4782609 0.4782609 0.5000000 0.3703704 0.2368421 0.3333333 0.3333333 0.3376623 0.3116883 0.2133333 0.2337662 0.2564103 0.2051282 0.2337662 0.2962963 0.0000000 0.1111111 0.1866667 0.1600000 0.3703704 0.5744681 0.1408451 0.6346154 0.1600000 0.1891892 0.1917808 0.3684211 0.1818182 0.2162162 0.6046512 0.2368421 0.6346154 0.2894737 0.1818182 0.7522936 0.5063291 0.7454545 0.5301205 0.6046512 0.5227273 0.5116279 0.4819277 0.5168539 0.5168539 0.6990291 0.5405405 0.6666667 0.8256881 0.8256881 0.8888889
gi|4976759 0.4545455 0.4545455 0.4719101 0.4888889 0.4418605 0.4888889 0.4888889 0.5000000 0.5217391 0.4782609 0.4782609 0.5000000 0.3703704 0.2368421 0.3333333 0.3333333 0.3376623 0.3116883 0.2133333 0.2337662 0.2564103 0.2051282 0.2337662 0.2962963 0.1111111 0.0000000 0.1866667 0.1600000 0.3703704 0.5744681 0.1408451 0.6346154 0.1600000 0.1891892 0.1917808 0.3684211 0.1818182 0.2162162 0.6046512 0.2368421 0.6346154 0.2894737 0.1818182 0.7522936 0.5063291 0.7454545 0.5301205 0.6046512 0.5227273 0.5116279 0.4819277 0.5168539 0.5168539 0.6990291 0.5405405 0.6666667 0.8256881 0.8256881 0.8888889
gi|5021171 0.4888889 0.4888889 0.5054945 0.5217391 0.4772727 0.5217391 0.5217391 0.5319149 0.5531915 0.5106383 0.5106383 0.5168539 0.4096386 0.2597403 0.3544304 0.3544304 0.3589744 0.3333333 0.2368421 0.1621622 0.2784810 0.1578947 0.1621622 0.3170732 0.1866667 0.1866667 0.0000000 0.1095890 0.4096386 0.6041667 0.1917808 0.6603774 0.1842105 0.1388889 0.1408451 0.3684211 0.2500000 0.1666667 0.6046512 0.1891892 0.6603774 0.2432432 0.2500000 0.7747748 0.5432099 0.7678571 0.5476190 0.6206897 0.5227273 0.5454545 0.5000000 0.5333333 0.5333333 0.6732673 0.5205479 0.6666667 0.8468468 0.8468468 0.8785047
gi|4976778 0.4835165 0.4835165 0.5000000 0.5161290 0.4719101 0.5161290 0.5161290 0.5263158 0.5473684 0.4893617 0.4893617 0.5111111 0.4047619 0.2564103 0.3500000 0.3500000 0.3544304 0.3291139 0.2337662 0.1600000 0.2750000 0.1558442 0.1600000 0.2926829 0.1600000 0.1600000 0.1095890 0.0000000 0.4047619 0.5979381 0.1891892 0.6542056 0.1578947 0.1369863 0.1388889 0.3846154 0.2250000 0.1643836 0.5977011 0.1866667 0.6542056 0.2400000 0.2250000 0.7678571 0.5365854 0.7610619 0.5411765 0.6136364 0.5333333 0.5393258 0.4941176 0.5274725 0.5274725 0.6666667 0.5135135 0.6578947 0.8288288 0.8288288 0.8807339
gi|9391519 0.4470588 0.4470588 0.4651163 0.4827586 0.4523810 0.4827586 0.4651163 0.4772727 0.4827586 0.4367816 0.4719101 0.4578313 0.4578313 0.3750000 0.4050633 0.4050633 0.4102564 0.3636364 0.3116883 0.3500000 0.3500000 0.4000000 0.3703704 0.4047619 0.3703704 0.3703704 0.4096386 0.4047619 0.0000000 0.5869565 0.3376623 0.6200000 0.4047619 0.3750000 0.3589744 0.4615385 0.3809524 0.3376623 0.6352941 0.3950617 0.6470588 0.4050633 0.3809524 0.7428571 0.4800000 0.7238095 0.5063291 0.6024096 0.4819277 0.4878049 0.4155844 0.5116279 0.5287356 0.7500000 0.5753425 0.6478873 0.8411215 0.8411215 0.8627451
gi|1002166 0.5434783 0.5434783 0.5744681 0.5744681 0.5494505 0.5744681 0.5591398 0.5684211 0.5744681 0.5473684 0.5625000 0.5555556 0.5555556 0.5000000 0.5116279 0.5454545 0.5176471 0.4941176 0.6105263 0.6326531 0.6326531 0.5918367 0.6326531 0.6534653 0.5744681 0.5744681 0.6041667 0.5979381 0.5869565 0.0000000 0.5714286 0.6666667 0.5979381 0.5957447 0.5869565 0.5121951 0.5773196 0.5714286 0.6741573 0.6105263 0.6407767 0.6086957 0.5773196 0.7927928 0.4935065 0.7636364 0.5000000 0.6741573 0.5116279 0.5000000 0.4878049 0.5057471 0.5057471 0.7777778 0.6913580 0.7105263 0.8224299 0.8224299 0.8761905
gi|5542098 0.4470588 0.4470588 0.4651163 0.4827586 0.4337349 0.4827586 0.4651163 0.4943820 0.5168539 0.4719101 0.4719101 0.4941176 0.3376623 0.2191781 0.3200000 0.3200000 0.3013699 0.2972973 0.1944444 0.2400000 0.2400000 0.2337662 0.2400000 0.3037975 0.1408451 0.1408451 0.1917808 0.1891892 0.3376623 0.5714286 0.0000000 0.6200000 0.1891892 0.1690141 0.1714286 0.3561644 0.2105263 0.1971831 0.5853659 0.2191781 0.6336634 0.2500000 0.2105263 0.7428571 0.5000000 0.7358491 0.5250000 0.6024096 0.5000000 0.4878049 0.4750000 0.5116279 0.5116279 0.7000000 0.5142857 0.6478873 0.8301887 0.8301887 0.8846154
gi|6366656 0.4893617 0.4893617 0.5052632 0.4893617 0.4782609 0.4893617 0.5052632 0.5000000 0.5052632 0.5252525 0.5252525 0.5161290 0.5319149 0.5416667 0.5684211 0.5979381 0.5744681 0.5531915 0.6000000 0.6213592 0.6213592 0.6355140 0.6346154 0.6285714 0.6346154 0.6346154 0.6603774 0.6542056 0.6200000 0.6666667 0.6200000 0.0000000 0.6542056 0.6407767 0.6470588 0.6315789 0.6355140 0.6470588 0.6000000 0.6538462 0.5200000 0.6534653 0.6355140 0.6476190 0.5747126 0.6542056 0.5934066 0.6153846 0.6534653 0.6600000 0.6530612 0.6730769 0.6730769 0.7719298 0.7608696 0.7228916 0.8245614 0.8245614 0.8849558
gi|1062516 0.4835165 0.4835165 0.5000000 0.5161290 0.4719101 0.5161290 0.5161290 0.5263158 0.5473684 0.5052632 0.5052632 0.5274725 0.4047619 0.2784810 0.3703704 0.3703704 0.3750000 0.3500000 0.2564103 0.2307692 0.2962963 0.2025316 0.2307692 0.2500000 0.1600000 0.1600000 0.1842105 0.1578947 0.4047619 0.5979381 0.1891892 0.6542056 0.0000000 0.1866667 0.1891892 0.4050633 0.2250000 0.2133333 0.5977011 0.2337662 0.6542056 0.2857143 0.2250000 0.7567568 0.5365854 0.7610619 0.5581395 0.6136364 0.5494505 0.5393258 0.5116279 0.5274725 0.5274725 0.6923077 0.5526316 0.6753247 0.8288288 0.8288288 0.8807339
gi|3891959 0.4772727 0.4772727 0.4943820 0.5111111 0.4651163 0.5111111 0.4943820 0.5217391 0.5434783 0.4835165 0.4835165 0.5057471 0.3750000 0.2631579 0.3376623 0.3376623 0.3200000 0.3157895 0.2400000 0.1891892 0.2820513 0.1842105 0.1891892 0.3000000 0.1891892 0.1891892 0.1388889 0.1369863 0.3750000 0.5957447 0.1690141 0.6407767 0.1866667 0.0000000 0.1159420 0.3947368 0.2531646 0.1428571 0.5783133 0.1666667 0.6538462 0.1971831 0.2531646 0.7592593 0.5316456 0.7522936 0.5365854 0.5952381 0.5116279 0.5176471 0.4878049 0.5227273 0.5227273 0.6666667 0.4857143 0.6388889 0.8333333 0.8333333 0.8761905
gi|1578315 0.4651163 0.4651163 0.4827586 0.5000000 0.4705882 0.5000000 0.4827586 0.5111111 0.5333333 0.4888889 0.4888889 0.5116279 0.3589744 0.2666667 0.3421053 0.3421053 0.3243243 0.3200000 0.2432432 0.1917808 0.2857143 0.1621622 0.1917808 0.3037975 0.1917808 0.1917808 0.1408451 0.1388889 0.3589744 0.5869565 0.1714286 0.6470588 0.1891892 0.1159420 0.0000000 0.3783784 0.2337662 0.1176471 0.5679012 0.1690141 0.6470588 0.1739130 0.2337662 0.7663551 0.5194805 0.7476636 0.5432099 0.5853659 0.5176471 0.5060241 0.4938272 0.5116279 0.5116279 0.6734694 0.4705882 0.6285714 0.8301887 0.8301887 0.8737864
gi|5035417 0.4303797 0.4303797 0.4691358 0.4691358 0.4155844 0.4691358 0.4691358 0.5000000 0.5060241 0.4390244 0.4761905 0.4415584 0.3561644 0.2571429 0.2647059 0.3142857 0.2686567 0.2388060 0.4155844 0.4303797 0.4500000 0.4000000 0.4102564 0.4819277 0.3684211 0.3684211 0.3684211 0.3846154 0.4615385 0.5121951 0.3561644 0.6315789 0.4050633 0.3947368 0.3783784 0.0000000 0.4000000 0.3783784 0.5974026 0.4155844 0.6315789 0.4266667 0.4000000 0.7843137 0.3692308 0.7766990 0.3823529 0.5789474 0.4473684 0.4935065 0.4166667 0.5000000 0.5000000 0.7800000 0.5000000 0.6865672 0.8400000 0.8400000 0.8865979
gi|1009083 0.4615385 0.4615385 0.4782609 0.4946237 0.4494382 0.4946237 0.4946237 0.5052632 0.5263158 0.4842105 0.4842105 0.5054945 0.3809524 0.2750000 0.3658537 0.3658537 0.3703704 0.3456790 0.2750000 0.2926829 0.3132530 0.2222222 0.2926829 0.3488372 0.1818182 0.1818182 0.2500000 0.2250000 0.3809524 0.5773196 0.2105263 0.6355140 0.2250000 0.2531646 0.2337662 0.4000000 0.0000000 0.2564103 0.6067416 0.2750000 0.6355140 0.3037975 0.1052632 0.7500000 0.5301205 0.7543860 0.5517241 0.6067416 0.5434783 0.5333333 0.5057471 0.5376344 0.5376344 0.6981132 0.5641026 0.6835443 0.8318584 0.8318584 0.8928571
gi|1094959 0.4651163 0.4651163 0.5000000 0.5000000 0.4705882 0.5000000 0.4827586 0.5274725 0.5333333 0.4719101 0.5054945 0.4761905 0.3797468 0.2894737 0.3421053 0.3421053 0.3243243 0.3200000 0.2666667 0.2162162 0.3076923 0.1866667 0.2162162 0.3250000 0.2162162 0.2162162 0.1666667 0.1643836 0.3376623 0.5714286 0.1971831 0.6470588 0.2133333 0.1428571 0.1176471 0.3783784 0.2564103 0.0000000 0.5679012 0.1690141 0.6601942 0.1739130 0.2564103 0.7777778 0.5194805 0.7592593 0.5432099 0.5679012 0.5176471 0.5060241 0.4750000 0.5116279 0.5116279 0.6734694 0.4705882 0.6478873 0.8190476 0.8190476 0.8737864
gi|1011526 0.3561644 0.3561644 0.4000000 0.4000000 0.3380282 0.4000000 0.4000000 0.4358974 0.4415584 0.4102564 0.4102564 0.3888889 0.4736842 0.5250000 0.5194805 0.5569620 0.5263158 0.5000000 0.5952381 0.5882353 0.6046512 0.5747126 0.5882353 0.5476190 0.6046512 0.6046512 0.6046512 0.5977011 0.6352941 0.6741573 0.5853659 0.6000000 0.5977011 0.5783133 0.5679012 0.5974026 0.6067416 0.5679012 0.0000000 0.5609756 0.6000000 0.6097561 0.6067416 0.6813187 0.5833333 0.7021277 0.5675676 0.2068966 0.5384615 0.5263158 0.5526316 0.5316456 0.5316456 0.8080808 0.8051948 0.5517241 0.8210526 0.8210526 0.8936170
gi|1147936 0.4943820 0.4943820 0.5111111 0.5274725 0.4827586 0.5274725 0.5111111 0.5376344 0.5591398 0.5000000 0.5000000 0.5227273 0.3544304 0.3076923 0.3589744 0.3589744 0.3421053 0.3376623 0.2857143 0.2368421 0.2820513 0.2077922 0.2368421 0.3414634 0.2368421 0.2368421 0.1891892 0.1866667 0.3950617 0.6105263 0.2191781 0.6538462 0.2337662 0.1666667 0.1690141 0.4155844 0.2750000 0.1690141 0.5609756 0.0000000 0.6666667 0.2222222 0.2750000 0.7706422 0.5500000 0.7636364 0.5542169 0.5783133 0.5287356 0.5348837 0.5060241 0.5057471 0.5057471 0.6800000 0.5070423 0.6197183 0.8224299 0.8224299 0.8653846
gi|6366656 0.4893617 0.4893617 0.4893617 0.4893617 0.4946237 0.4893617 0.5052632 0.4842105 0.4893617 0.5102041 0.5102041 0.5000000 0.5625000 0.5714286 0.5684211 0.5979381 0.5744681 0.5531915 0.6138614 0.6346154 0.6346154 0.6355140 0.6346154 0.6019417 0.6346154 0.6346154 0.6603774 0.6542056 0.6470588 0.6407767 0.6336634 0.5200000 0.6542056 0.6538462 0.6470588 0.6315789 0.6355140 0.6601942 0.6000000 0.6666667 0.0000000 0.6666667 0.6355140 0.6346154 0.5747126 0.6666667 0.5777778 0.6153846 0.6400000 0.6326531 0.6530612 0.6730769 0.6730769 0.7610619 0.7741935 0.7380952 0.8347826 0.8347826 0.8648649
gi|1578301 0.5057471 0.5057471 0.5227273 0.5057471 0.4941176 0.5057471 0.5227273 0.5168539 0.5393258 0.5111111 0.5111111 0.5348837 0.4050633 0.3376623 0.3684211 0.3684211 0.3513514 0.3466667 0.3376623 0.2894737 0.3750000 0.2368421 0.2894737 0.3703704 0.2894737 0.2894737 0.2432432 0.2400000 0.4050633 0.6086957 0.2500000 0.6534653 0.2857143 0.1971831 0.1739130 0.4266667 0.3037975 0.1739130 0.6097561 0.2222222 0.6666667 0.0000000 0.3037975 0.7619048 0.5641026 0.7547170 0.5679012 0.6265060 0.5411765 0.5476190 0.5185185 0.5517241 0.5517241 0.6804124 0.5000000 0.6376812 0.8380952 0.8380952 0.8823529
gi|1130619 0.4615385 0.4615385 0.4782609 0.4946237 0.4494382 0.4946237 0.4946237 0.5052632 0.5263158 0.4842105 0.4842105 0.5054945 0.3809524 0.2750000 0.3658537 0.3658537 0.3703704 0.3456790 0.2750000 0.2926829 0.3132530 0.2222222 0.2926829 0.3488372 0.1818182 0.1818182 0.2500000 0.2250000 0.3809524 0.5773196 0.2105263 0.6355140 0.2250000 0.2531646 0.2337662 0.4000000 0.1052632 0.2564103 0.6067416 0.2750000 0.6355140 0.3037975 0.0000000 0.7500000 0.5301205 0.7543860 0.5517241 0.6067416 0.5434783 0.5333333 0.5057471 0.5376344 0.5376344 0.6981132 0.5641026 0.6835443 0.8318584 0.8318584 0.8928571
gi|6366656 0.6122449 0.6122449 0.5833333 0.6122449 0.6041667 0.6122449 0.6122449 0.5773196 0.6122449 0.6666667 0.6666667 0.6800000 0.7058824 0.6990291 0.7128713 0.7378641 0.7326733 0.7128713 0.7358491 0.7522936 0.7522936 0.7610619 0.7522936 0.7339450 0.7522936 0.7522936 0.7747748 0.7678571 0.7428571 0.7927928 0.7428571 0.6476190 0.7567568 0.7592593 0.7663551 0.7843137 0.7500000 0.7777778 0.6813187 0.7706422 0.6346154 0.7619048 0.7500000 0.0000000 0.7446809 0.6200000 0.7551020 0.7234043 0.7500000 0.7572816 0.7524752 0.7889908 0.7889908 0.7818182 0.8387097 0.7804878 0.8869565 0.8869565 0.8888889
gi|1011526 0.3380282 0.3380282 0.3835616 0.3835616 0.3428571 0.3835616 0.3611111 0.4210526 0.4266667 0.3947368 0.4358974 0.3943662 0.4594595 0.4109589 0.4000000 0.4444444 0.3823529 0.3768116 0.4736842 0.5063291 0.5063291 0.5476190 0.5063291 0.5365854 0.5063291 0.5063291 0.5432099 0.5365854 0.4800000 0.4935065 0.5000000 0.5747126 0.5365854 0.5316456 0.5194805 0.3692308 0.5301205 0.5194805 0.5833333 0.5500000 0.5747126 0.5641026 0.5301205 0.7446809 0.0000000 0.7368421 0.2666667 0.5633803 0.4864865 0.4722222 0.4347826 0.5384615 0.5384615 0.8282828 0.5714286 0.7384615 0.8421053 0.8421053 0.8913043
gi|3399611 0.6200000 0.6200000 0.6060606 0.6200000 0.6122449 0.6200000 0.6060606 0.6138614 0.6200000 0.6851852 0.6476190 0.6732673 0.7115385 0.7289720 0.7058824 0.7058824 0.7254902 0.7058824 0.7407407 0.7567568 0.7567568 0.7543860 0.7567568 0.7500000 0.7454545 0.7454545 0.7678571 0.7610619 0.7238095 0.7636364 0.7358491 0.6542056 0.7610619 0.7522936 0.7476636 0.7766990 0.7543860 0.7592593 0.7021277 0.7636364 0.6666667 0.7547170 0.7543860 0.6200000 0.7368421 0.0000000 0.7600000 0.7422680 0.7428571 0.7378641 0.7450980 0.7818182 0.7818182 0.7857143 0.8043478 0.7250000 0.8888889 0.8888889 0.8703704
gi|1011534 0.4155844 0.4155844 0.4556962 0.4556962 0.4000000 0.4556962 0.4358974 0.4878049 0.4938272 0.2972973 0.3421053 0.4054054 0.4675325 0.4415584 0.4324324 0.4736842 0.4166667 0.4109589 0.5000000 0.5121951 0.5301205 0.5348837 0.5121951 0.4878049 0.5301205 0.5301205 0.5476190 0.5411765 0.5063291 0.5000000 0.5250000 0.5934066 0.5581395 0.5365854 0.5432099 0.3823529 0.5517241 0.5432099 0.5675676 0.5542169 0.5777778 0.5679012 0.5517241 0.7551020 0.2666667 0.7600000 0.0000000 0.5479452 0.4935065 0.4800000 0.4657534 0.5250000 0.5250000 0.8118812 0.5757576 0.7536232 0.8247423 0.8247423 0.8723404
gi|1011534 0.4000000 0.4000000 0.4415584 0.4415584 0.4054054 0.4415584 0.4415584 0.4750000 0.4810127 0.3243243 0.4102564 0.2941176 0.4935065 0.5250000 0.5384615 0.5750000 0.5454545 0.5000000 0.5952381 0.5882353 0.6046512 0.6067416 0.6046512 0.5647059 0.6046512 0.6046512 0.6206897 0.6136364 0.6024096 0.6741573 0.6024096 0.6153846 0.6136364 0.5952381 0.5853659 0.5789474 0.6067416 0.5679012 0.2068966 0.5783133 0.6153846 0.6265060 0.6067416 0.7234043 0.5633803 0.7422680 0.5479452 0.0000000 0.5384615 0.5454545 0.5333333 0.5500000 0.5500000 0.8200000 0.8051948 0.5263158 0.8085106 0.8085106 0.8936170
gi|1188287 0.4337349 0.4337349 0.4523810 0.4705882 0.4390244 0.4705882 0.4523810 0.4827586 0.5057471 0.4597701 0.4597701 0.4634146 0.4634146 0.4390244 0.3896104 0.4303797 0.4155844 0.4102564 0.5287356 0.5393258 0.5555556 0.5434783 0.5227273 0.5333333 0.5227273 0.5227273 0.5227273 0.5333333 0.4819277 0.5116279 0.5000000 0.6534653 0.5494505 0.5116279 0.5176471 0.4473684 0.5434783 0.5176471 0.5384615 0.5287356 0.6400000 0.5411765 0.5434783 0.7500000 0.4864865 0.7428571 0.4935065 0.5384615 0.0000000 0.1791045 0.3098592 0.3636364 0.3636364 0.7809524 0.7088608 0.6176471 0.8269231 0.8269231 0.8823529
gi|1188286 0.4197531 0.4197531 0.4390244 0.4578313 0.4250000 0.4578313 0.4578313 0.4705882 0.4941176 0.4470588 0.4470588 0.4500000 0.4691358 0.4444444 0.3733333 0.4155844 0.4000000 0.3947368 0.5176471 0.5454545 0.5454545 0.5494505 0.5454545 0.5227273 0.5116279 0.5116279 0.5454545 0.5393258 0.4878049 0.5000000 0.4878049 0.6600000 0.5393258 0.5176471 0.5060241 0.4935065 0.5333333 0.5060241 0.5263158 0.5348837 0.6326531 0.5476190 0.5333333 0.7572816 0.4722222 0.7378641 0.4800000 0.5454545 0.1791045 0.0000000 0.3142857 0.3243243 0.3243243 0.7766990 0.7179487 0.6060606 0.8235294 0.8235294 0.8910891
gi|8511881 0.4050633 0.4050633 0.4250000 0.4444444 0.4102564 0.4444444 0.4444444 0.4578313 0.4819277 0.4146341 0.4523810 0.4358974 0.4155844 0.3684211 0.3561644 0.4000000 0.3380282 0.3098592 0.5060241 0.5176471 0.5348837 0.4883721 0.5348837 0.5617978 0.4819277 0.4819277 0.5000000 0.4941176 0.4155844 0.4878049 0.4750000 0.6530612 0.5116279 0.4878049 0.4938272 0.4166667 0.5057471 0.4750000 0.5526316 0.5060241 0.6530612 0.5185185 0.5057471 0.7524752 0.4347826 0.7450980 0.4657534 0.5333333 0.3098592 0.3142857 0.0000000 0.3513514 0.3513514 0.7843137 0.6756757 0.6153846 0.8431373 0.8431373 0.9000000
gi|4963623 0.4827586 0.4827586 0.5168539 0.5168539 0.4705882 0.5168539 0.5168539 0.5434783 0.5494505 0.4888889 0.5054945 0.4941176 0.4578313 0.4523810 0.4444444 0.4819277 0.4303797 0.4250000 0.5555556 0.5652174 0.5494505 0.5376344 0.5652174 0.5744681 0.5168539 0.5168539 0.5333333 0.5274725 0.5116279 0.5057471 0.5116279 0.6730769 0.5274725 0.5227273 0.5116279 0.5000000 0.5376344 0.5116279 0.5316456 0.5057471 0.6730769 0.5517241 0.5376344 0.7889908 0.5384615 0.7818182 0.5250000 0.5500000 0.3636364 0.3243243 0.3513514 0.0000000 0.1714286 0.7378641 0.7317073 0.6086957 0.8301887 0.8301887 0.8737864
gi|5035033 0.4827586 0.4827586 0.5168539 0.5168539 0.4705882 0.5168539 0.5168539 0.5434783 0.5494505 0.4888889 0.5054945 0.4941176 0.4578313 0.4523810 0.4444444 0.4819277 0.4303797 0.4250000 0.5555556 0.5652174 0.5494505 0.5376344 0.5652174 0.5744681 0.5168539 0.5168539 0.5333333 0.5274725 0.5287356 0.5057471 0.5116279 0.6730769 0.5274725 0.5227273 0.5116279 0.5000000 0.5376344 0.5116279 0.5316456 0.5057471 0.6730769 0.5517241 0.5376344 0.7889908 0.5384615 0.7818182 0.5250000 0.5500000 0.3636364 0.3243243 0.3513514 0.1714286 0.0000000 0.7378641 0.7317073 0.6086957 0.8301887 0.8301887 0.8737864
gi|1227483 0.7592593 0.7592593 0.7476636 0.7706422 0.7777778 0.7706422 0.7592593 0.7522936 0.7706422 0.7567568 0.7339450 0.7850467 0.7254902 0.7058824 0.7450980 0.7450980 0.7400000 0.7200000 0.7307692 0.6990291 0.7476636 0.6601942 0.6990291 0.7289720 0.6990291 0.6990291 0.6732673 0.6666667 0.7500000 0.7777778 0.7000000 0.7719298 0.6923077 0.6666667 0.6734694 0.7800000 0.6981132 0.6734694 0.8080808 0.6800000 0.7610619 0.6804124 0.6981132 0.7818182 0.8282828 0.7857143 0.8118812 0.8200000 0.7809524 0.7766990 0.7843137 0.7378641 0.7378641 0.0000000 0.7816092 0.8048780 0.8849558 0.8849558 0.8761905
gi|913749| 0.6666667 0.6666667 0.6987952 0.6987952 0.6582278 0.6987952 0.6500000 0.7209302 0.7294118 0.6506024 0.6823529 0.6835443 0.5945946 0.5479452 0.5428571 0.5428571 0.5294118 0.5217391 0.5866667 0.5600000 0.6153846 0.5263158 0.5600000 0.6075949 0.5405405 0.5405405 0.5205479 0.5135135 0.5753425 0.6913580 0.5142857 0.7608696 0.5526316 0.4857143 0.4705882 0.5000000 0.5641026 0.4705882 0.8051948 0.5070423 0.7741935 0.5000000 0.5641026 0.8387097 0.5714286 0.8043478 0.5757576 0.8051948 0.7088608 0.7179487 0.6756757 0.7317073 0.7317073 0.7816092 0.0000000 0.8750000 0.8764045 0.8764045 0.9047619
gi|5838477 0.6486486 0.6486486 0.6486486 0.6666667 0.6575342 0.6666667 0.6301370 0.6578947 0.6666667 0.6493506 0.6493506 0.6478873 0.6666667 0.6197183 0.6176471 0.6176471 0.5846154 0.5538462 0.6933333 0.6666667 0.6842105 0.6666667 0.6666667 0.6753247 0.6666667 0.6666667 0.6666667 0.6578947 0.6478873 0.7105263 0.6478873 0.7228916 0.6753247 0.6388889 0.6285714 0.6865672 0.6835443 0.6478873 0.5517241 0.6197183 0.7380952 0.6376812 0.6835443 0.7804878 0.7384615 0.7250000 0.7536232 0.5263158 0.6176471 0.6060606 0.6153846 0.6086957 0.6086957 0.8048780 0.8750000 0.0000000 0.8354430 0.8354430 0.8800000
gi|9280631 0.8468468 0.8468468 0.8468468 0.8468468 0.8545455 0.8468468 0.8571429 0.8392857 0.8468468 0.8318584 0.8521739 0.8411215 0.8190476 0.8333333 0.8269231 0.8490566 0.8349515 0.8155340 0.8545455 0.8571429 0.8468468 0.8214286 0.8571429 0.8392857 0.8256881 0.8256881 0.8468468 0.8288288 0.8411215 0.8224299 0.8301887 0.8245614 0.8288288 0.8333333 0.8301887 0.8400000 0.8318584 0.8190476 0.8210526 0.8224299 0.8347826 0.8380952 0.8318584 0.8869565 0.8421053 0.8888889 0.8247423 0.8085106 0.8269231 0.8235294 0.8431373 0.8301887 0.8301887 0.8849558 0.8764045 0.8354430 0.0000000 0.1250000 0.9126214
gi|9280807 0.8468468 0.8468468 0.8468468 0.8468468 0.8545455 0.8468468 0.8571429 0.8392857 0.8468468 0.8318584 0.8521739 0.8411215 0.8190476 0.8333333 0.8269231 0.8490566 0.8349515 0.8155340 0.8545455 0.8571429 0.8468468 0.8214286 0.8571429 0.8392857 0.8256881 0.8256881 0.8468468 0.8288288 0.8411215 0.8224299 0.8301887 0.8245614 0.8288288 0.8333333 0.8301887 0.8400000 0.8318584 0.8190476 0.8210526 0.8224299 0.8347826 0.8380952 0.8318584 0.8869565 0.8421053 0.8888889 0.8247423 0.8085106 0.8269231 0.8235294 0.8431373 0.8301887 0.8301887 0.8849558 0.8764045 0.8354430 0.1250000 0.0000000 0.9126214
gi|1176623 0.8990826 0.8990826 0.8785047 0.8888889 0.9074074 0.8990826 0.9090909 0.8703704 0.8888889 0.8828829 0.8928571 0.8952381 0.8952381 0.8761905 0.8823529 0.8823529 0.8910891 0.8712871 0.8867925 0.8888889 0.8785047 0.8828829 0.8888889 0.8909091 0.8888889 0.8888889 0.8785047 0.8807339 0.8627451 0.8761905 0.8846154 0.8849558 0.8807339 0.8761905 0.8737864 0.8865979 0.8928571 0.8737864 0.8936170 0.8653846 0.8648649 0.8823529 0.8928571 0.8888889 0.8913043 0.8703704 0.8723404 0.8936170 0.8823529 0.8910891 0.9000000 0.8737864 0.8737864 0.8761905 0.9047619 0.8800000 0.9126214 0.9126214 0.0000000
